; $20  space
0000000
0000000
0000000
0000000
0000000
; $21  !
0001110
0001100
0001000
0000000
0011000
; $22  "
1100110
1100110
0000000
0000000
0000000
; $23  #
0110100
1111110
0110100
1111110
0110100
; $24  $
0111100
1101000
0111100
0010110
0111100
; $25  %
1100110
1101100
0011000
0110110
1100110
; $26  &
0111000
1100000
0110110
1100110
0111100
; $27  '
0011000
0110000
0000000
0000000
0000000
; $28  (
0011100
0110000
0110000
0110000
0011100
; $29  )
0111000
0001100
0001100
0001100
0111000
; $2A  *
0011000
1111110
0111100
1111110
0011000
; $2B  +
0011000
0011000
1111110
0011000
0011000
; $2C  ,
0000000
0000000
0000000
0001100
0011000
; $2D  -
0000000
0000000
0111100
0000000
0000000
; $2E  .
0000000
0000000
0000000
0011000
0011000
; $2F  /
0000110
0001100
0011000
0110000
1100000
; $30  0
0111100
1100110
1110110
1100110
0111100
; $31  
0011000
0111000
0011000
0011000
0011000
; $32  2
1111100
0000110
0111100
1100000
1111110
; $33  3
1111100
0000110
0011100
0000110
1111100
; $34  4
1100000
1100110
1100110
0111110
0000110
; $35  5
1111110
1100000
1111100
0000110
1111100
; $36  6
0111100
1100000
1111100
1100110
0111100
; $37  7
1111110
0001100
0011000
0110000
0110000
; $38  8
0111100
1100110
0111100
1100110
0111100
; $39  9
0111100
1100110
0111110
0000110
0111100
; $3A  :
0011000
0011000
0000000
0011000
0011000
; $3B  ;
0011000
0011000
0000000
0011000
0110000
; $3C  <
0001100
0011000
0110000
0011000
0001100
; $3D  =
0000000
0111100
0000000
0111100
0000000
; $3E  >
0110000
0011000
0001100
0011000
0110000
; $3F  ?
0111100
1100110
0001100
0000000
0011000
; $40  @
0111100
1100110
1101100
1100000
0111100
; $41  A
0111100
1100110
1111110
1100110
1100110
; $42  B
1111100
1100110
1111100
1100110
1111100
; $43  C
0111100
1100110
1100000
1100110
0111100
; $44  D
1111000
1101110
1100110
1101110
1111000
; $45  E
1111110
1100000
1111100
1100000
1111110
; $46  F
1111110
1100000
1111100
1100000
1100000
; $47  G
0111100
1100000
1101110
1100110
0111100
; $48  H
1100110
1100110
1111110
1100110
1100110
; $49  I
1111110
0011000
0011000
0011000
1111110
; $4A  J
0111110
0001100
0001100
1101100
0111000
; $4B  K
1100110
1101100
1111000
1101100
1100110
; $4C  L
1100000
1100000
1100000
1100000
1111110
; $4D  M
1100110
1111110
1111110
1100110
1100110
; $4E  N
1100110
1110110
1111110
1101110
1100110
; $4F  O
0111100
1100110
1100110
1100110
0111100
; $50  P
1111100
1100110
1111100
1100000
1100000
; $51  Q
0111100
1100110
1100110
1101100
0110110
; $52  R
1111100
1100110
1111100
1100110
1100110
; $53  S
0111110
1100000
0111100
0000110
1111100
; $54  T
1111110
0011000
0011000
0011000
0011000
; $55  U
1100110
1100110
1100110
1100110
0111100
; $56  V
1100110
1100110
1100110
0111100
0011000
; $57  W
1100110
1100110
1111110
1111110
1100110
; $58  X
1100110
0111100
0011000
0111100
1100110
; $59  Y
1100110
1100110
0111100
0011000
0011000
; $5A  Z
1111110
0001100
0011000
0110000
1111110
; $5B  [
0111100
0110000
0110000
0110000
0111100
; $5C  \
1100000
0110000
0011000
0001100
0000110
; $5D  ]
0111100
0001100
0001100
0001100
0111100
; $5E  ^
0011000
0111100
1100110
0000000
0000000
; $5F  _
0000000
0000000
0000000
0000000
1111110
; $60  `
0111000
1101100
0001110
0000000
0000000
; $61  a
0111100
1100110
1111110
1100110
1100110
; $62  b
1111100
1100110
1111100
1100110
1111100
; $63  c
0111100
1100110
1100000
1100110
0111100
; $64  d
1111000
1101110
1100110
1101110
1111000
; $65  e
1111110
1100000
1111100
1100000
1111110
; $66  f
1111110
1100000
1111100
1100000
1100000
; $67  g
0111100
1100000
1101110
1100110
0111100
; $68  h
1100110
1100110
1111110
1100110
1100110
; $69  i
1111110
0011000
0011000
0011000
1111110
; $6A  j
0111110
0001100
0001100
1101100
0111000
; $6B  k
1100110
1101100
1111000
1101100
1100110
; $6C  l
1100000
1100000
1100000
1100000
1111110
; $6D  m
1100110
1111110
1111110
1100110
1100110
; $6E  n
1100110
1110110
1111110
1101110
1100110
; $6F  o
0111100
1100110
1100110
1100110
0111100
; $70  p
1111100
1100110
1111100
1100000
1100000
; $71  q
0111100
1100110
1100110
1101100
0110110
; $72  r
1111100
1100110
1111100
1100110
1100110
; $73  s
0111110
1100000
0111100
0000110
1111100
; $74  t
1111110
0011000
0011000
0011000
0011000
; $75  u
1100110
1100110
1100110
1100110
0111100
; $76  v
1100110
1100110
1100110
0111100
0011000
; $77  w
1100110
1100110
1111110
1111110
1100110
; $78  x
1100110
0111100
0011000
0111100
1100110
; $79  y
1100110
1100110
0111100
0011000
0011000
; $7A  z
1111110
0001100
0011000
0110000
1111110
; $7B  {
0001100
0001100
0111000
0001100
0001100
; $7C  |
0011100
0011100
0011100
0011100
0011100
; $7D  }
0011000
0011000
0001110
0011000
0011000
; $7E  ~
0011011
0111111
0110110
0000000
0000000
; $7F  cursor
0111111
0111111
0111111
0111111
0111111
