; $20  space
0000000
0000000
0000000
0000000
0000000
0000000
0000000
0000000
0000000
0000000
; $21  !
0000000
0000000
0000000
0000000
0000000
0000000
0000000
0000000
0000000
0000000
; $22  "
0000000
0000000
0000000
0000000
0000000
0000000
0000000
0000000
0000000
0000000
; $23  #
0000000
0000000
0000000
0000000
0000000
0000000
0000000
0000000
0000000
0000000
; $24  $
0000000
0000000
0000000
0000000
0000000
0000000
0000000
0000000
0000000
0000000
; $25  %
0000000
0000000
0000000
0000000
0000000
0000000
0000000
0000000
0000000
0000000
; $26  &
0000000
0000000
0000000
0000000
0000000
0000000
0000000
0000000
0000000
0000000
; $27  '
0000000
0000000
0000000
0000000
0000000
0000000
0000000
0000000
0000000
0000000
; $28  (
0000000
0000000
0000000
0000000
0000000
0000000
0000000
0000000
0000000
0000000
; $29  )
0000000
0000000
0000000
0000000
0000000
0000000
0000000
0000000
0000000
0000000
; $2A  *
0000000
0000000
0000000
0000000
0000000
0000000
0000000
0000000
0000000
0000000
; $2B  +
0000000
0000000
0000000
0000000
0000000
0000000
0000000
0000000
0000000
0000000
; $2C  ,
0000000
0000000
0000000
0000000
0000000
0000000
0000000
0011000
0011000
0110000
; $2D  -
0000000
0000000
0000000
0000000
0111100
0111100
0000000
0000000
0000000
0000000
; $2E  .
0000000
0000000
0000000
0000000
0000000
0000000
0000000
0011000
0011000
0000000
; $2F  /
0000110
0000110
0001100
0001100
0011000
0011000
0110000
0110000
1100000
1100000
; $30  0
0111100
1111110
1100110
1100110
1101110
1110110
1100110
1100110
1111110
0111100
; $31  1
0111000
0111000
0011000
0011000
0011000
0011000
0011000
0011000
0111100
0111100
; $32  2
0111100
1111110
1100110
0000110
0011100
0110000
1100000
1100000
1111110
1111110
; $33  3
1111100
1111110
0000110
0000110
0111100
0111100
0000110
0000110
1111110
1111100
; $34  4
1100110
1100110
1100110
1100110
1111110
1111110
0000110
0000110
0000110
0000110
; $35  5
1111110
1111110
1100000
1100000
1111100
1111110
0000110
0000110
1111110
1111100
; $36  6
0111100
1111110
1100000
1100000
1111100
1111110
1100110
1100110
1111110
0111100
; $37  7
1111110
1111110
1100110
0000110
0000110
0000110
0000110
0000110
0000110
0000110
; $38  8
0111100
0111100
1100110
1100110
0111100
0111100
1100110
1100110
0111100
0111100
; $39  9
0111100
1111110
1100110
1100110
1111110
0111110
0000110
0000110
1111110
0111100
; $3A  :
0000000
0000000
0000000
0000000
0000000
0000000
0000000
0000000
0000000
0000000
; $3B  ;
0000000
0000000
0000000
0000000
0000000
0000000
0000000
0000000
0000000
0000000
; $3C  <
0000000
0000000
0000000
0000000
0000000
0000000
0000000
0000000
0000000
0000000
; $3D  =
0000000
0000000
0000000
0000000
0000000
0000000
0000000
0000000
0000000
0000000
; $3E  >
0000000
0000000
0000000
0000000
0000000
0000000
0000000
0000000
0000000
0000000
; $3F  ?
0111100
1111110
1100110
0000110
0001100
0011000
0011000
0000000
0011000
0011000
; $40  @
0000000
0000000
0000000
0000000
0000000
0000000
0000000
0000000
0000000
0000000
; $41  A
1111110
1111110
0000110
1100110
1111110
1111110
1100110
1100110
1100110
1100110
; $42  B
1111100
1111110
0000110
1100110
1111100
1111100
1100110
1100110
1111110
1111100
; $43  C
1111110
1111110
0000110
1100000
1100000
1100000
1100000
1100110
1111110
1111110
; $44  D
1111100
1111110
0000110
1100110
1100110
1100110
1100110
1100110
1111110
1111100
; $45  E
1111110
1111110
0000000
1100000
1111100
1111100
1100000
1100000
1111110
1111110
; $46  F
1111110
1111110
0000000
1100000
1111100
1111100
1100000
1100000
1100000
1100000
; $47  G
1111110
1111110
0000110
1100000
1101110
1101110
1100110
1100110
1111110
1111110
; $48  H
1100110
1100110
0000110
1100110
1111110
1111110
1100110
1100110
1100110
1100110
; $49  I
1111110
1111110
0000000
0011000
0011000
0011000
0011000
0011000
1111110
1111110
; $4A  J
0111110
0111110
0000000
0001100
0001100
0001100
0001100
1101100
1111100
1111100
; $4B  K
1100110
1100110
1101100
1101100
1101000
1101000
1101100
1101100
1100110
1100110
; $4C  L
1100000
1100000
1100000
1100000
1100000
1100000
1100000
0000000
1111110
1111110
; $4D  M
1100110
1111110
1111110
1111110
1111110
1100110
1100110
1100110
1100110
1100110
; $4E  N
1111100
1111110
0000110
1100110
1100110
1100110
1100110
1100110
1100110
1100110
; $4F  O
1111110
1111110
0000110
1100110
1100110
1100110
1100110
1100110
1111110
1111110
; $50  P
1111100
1111110
0000110
1100110
1111110
1111100
1100000
1100000
1100000
1100000
; $51  Q
1111110
1111110
0000110
1100110
1100110
1100110
1100110
1101100
1110110
1110110
; $52  R
1111100
1111110
0000110
1100110
1111110
1111100
1101100
1101100
1100110
1100110
; $53  S
0111110
1111110
0000000
1100000
1111100
0111110
0000110
0000110
1111110
1111100
; $54  T
1111110
1111110
0000000
0011000
0011000
0011000
0011000
0011000
0011000
0011000
; $55  U
1100110
1100110
1100110
1100110
1100110
1100110
1100110
0000110
1111110
1111110
; $56  V
1100110
1100110
1100110
1100110
1100110
1100110
1100110
0001100
1111000
1110000
; $57  W
1100110
1100110
1100110
1100110
1100110
1111110
1111110
1111110
1111110
1100110
; $58  X
1100110
1100110
0111100
0111100
0011000
0011000
0111100
0111100
1100110
1100110
; $59  Y
1100110
1100110
1100110
1100110
1110110
1110110
0000110
0000110
1111110
1111110
; $5A  Z
1111110
1111110
0001100
0001100
0011000
0011000
0110000
0000000
1111110
1111110
; $5B  [
0000000
0000000
0000000
0000000
0000000
0000000
0000000
0000000
0000000
0000000
; $5C  \
0000000
0000000
0000000
0000000
0000000
0000000
0000000
0000000
0000000
0000000
; $5D  ]
0000000
0000000
0000000
0000000
0000000
0000000
0000000
0000000
0000000
0000000
; $5E  ^
0000000
0000000
0000000
0000000
0000000
0000000
0000000
0000000
0000000
0000000
; $5F  _
0000000
0000000
0000000
0000000
0000000
0000000
0000000
0000000
1111110
1111110
; $60  `
0000000
0000000
0000000
0000000
0000000
0000000
0000000
0000000
0000000
0000000
; $61  a
0000000
0000000
0000000
0111100
0111110
0000110
0111110
1100110
1111110
0111110
; $62  b
1100000
1100000
1100000
1111100
1111110
1100110
1100110
1100110
1111110
1111100
; $63  c
0000000
0000000
0000000
0111100
1111110
1100110
1100000
1100110
1111110
0111100
; $64  d
0000110
0000110
0000110
0111110
1111110
1100110
1100110
1100110
1111110
0111110
; $65  e
0000000
0000000
0000000
0111100
1111110
1100110
1111110
1100000
1111110
0111110
; $66  f
0011100
0111110
0110110
0110000
0110000
1111100
1111100
0110000
0110000
0110000
; $67  g
0000000
0000000
0000000
0111110
1100110
1100110
0111110
0000110
1111110
1111100
; $68  h
1100000
1100000
1100000
1111100
1111110
1100110
1100110
1100110
1100110
1100110
; $69  i
0011000
0011000
0000000
0011000
0011000
0011000
0011000
0011000
0011100
0001100
; $6A  j
0001100
0001100
0000000
0001100
0001100
0001100
0001100
0001100
0111100
0111000
; $6B  k
1100000
1100000
1100000
1100110
1100110
1101100
1111000
1101100
1100110
1100110
; $6C  l
0011000
0011000
0011000
0011000
0011000
0011000
0011000
0011000
0011110
0001110
; $6D  m
0000000
0000000
0000000
1100110
1111110
1111110
1111110
1100110
1100110
1100110
; $6E  n
0000000
0000000
0000000
1111100
1111110
0000110
1100110
1100110
1100110
1100110
; $6F  o
0000000
0000000
0000000
0111100
1111110
0000110
1100110
1100110
1111110
0111100
; $70  p
0000000
0000000
0000000
1111100
1111110
1100110
1100110
1111100
1100000
1100000
; $71  q
0000000
0000000
0000000
0111110
1111110
1100110
1100110
0111110
0000110
0000110
; $72  r
0000000
0000000
0000000
1101110
1111110
1100000
1100000
1100000
1100000
1100000
; $73  s
0000000
0000000
0000000
0111110
1111110
1100000
0111100
0000110
1111110
1111100
; $74  t
0011000
0011000
0011000
1111110
1111110
0011000
0011000
0011000
0011110
0001110
; $75  u
0000000
0000000
0000000
1100110
1100110
1100110
1100110
1100110
1111110
0111110
; $76  v
0000000
0000000
0000000
1100110
1100110
1100110
1100110
1101100
1111000
1110000
; $77  w
0000000
0000000
0000000
1100110
1100110
1100110
1111110
1111110
1111110
1100110
; $78  x
0000000
0000000
0000000
1100110
1100110
0111100
0111100
0111100
1100110
1100110
; $79  y
0000000
0000000
0000000
1100110
1100110
1100110
0111110
0000110
1111110
1111100
; $7A  z
0000000
0000000
0000000
1111110
1111110
0001100
0011000
0110000
1111110
1111110
