; $21  !
11000000
11000000
11000000
11000000
11000000
11000000
11000000
00000000
11000000
11000000
00000000
00000000
00000000
 $22  "
11011000
11011000
11011000
00000000
00000000
00000000
00000000
00000000
00000000
00000000
00000000
00000000
00000000
 $23  #
00110011
00110011
11111111
11111111
01100110
01100110
11111111
11111111
11001100
11001100
00000000
00000000
00000000
 $24  $
00011000
00011000
00111110
01111110
11011000
01111100
00111110
00011011
01111110
01111100
00011000
00011000
00000000
 $25  %
11001100
11001100
00001100
00011000
00011000
00011000
00011000
00110000
00110011
00110011
00000000
00000000
00000000
 $26  &
00111100
01111100
01110000
00111111
01111111
11100111
11000011
11000011
11100111
01111111
00111111
00000000
00000000
 $27  '
11000000
11000000
11000000
00000000
00000000
00000000
00000000
00000000
00000000
00000000
00000000
00000000
00000000
 $28  (
01100000
11000000
11000000
11000000
11000000
11000000
11000000
11000000
11000000
01100000
00000000
00000000
00000000
 $29  )
11000000
01100000
01100000
01100000
01100000
01100000
01100000
01100000
01100000
11000000
00000000
00000000
00000000
 $2A  *
00000000
00000000
00000000
00110000
11111100
01111000
11111100
00110000
00000000
00000000
00000000
00000000
00000000
 $2B  +
00000000
00000000
00000000
00110000
00110000
11111100
11111100
00110000
00110000
00000000
00000000
00000000
00000000
 $2C  ,
00000000
00000000
00000000
00000000
00000000
00000000
00000000
00000000
01100000
01100000
11000000
00000000
00000000
 $2D  -
00000000
00000000
00000000
00000000
00000000
11110000
11110000
00000000
00000000
00000000
00000000
00000000
00000000
 $2E  .
00000000
00000000
00000000
00000000
00000000
00000000
00000000
00000000
11000000
11000000
00000000
00000000
00000000
 $2F  /
00110000
00110000
00110000
01100000
01100000
01100000
01100000
11000000
11000000
11000000
00000000
00000000
00000000
 $30  0
00111100
01111110
11100111
11001111
11011111
11111011
11110011
11100111
01111110
00111100
00000000
00000000
00000000
 $31  1
11000000
11100000
01100000
01100000
01100000
01100000
01100000
01100000
01100000
01100000
00000000
00000000
00000000
 $32  2
00111000
01111100
11101110
11000110
00001110
00011100
00111000
01110000
11111110
11111110
00000000
00000000
00000000
 $33  3
01111110
01111110
00001100
00011110
00011111
00000011
11000011
11100111
01111110
00111100
00000000
00000000
00000000
 $34  4
11000000
11000000
11000110
11000110
11000110
11100110
01111111
00111111
00000110
00000110
00000000
00000000
00000000
 $35  5
01111100
01111100
01100000
01111000
01111100
00001110
00000110
11001110
11111100
01111000
00000000
00000000
00000000
 $36  6
00111000
01111000
11100000
11111100
11111110
11100111
11000011
11100111
01111110
00111100
00000000
00000000
00000000
 $37  7
11111100
11111100
00001100
00001100
00011000
00110000
00110000
00110000
00110000
00110000
00000000
00000000
00000000
 $38  8
00111100
01111110
01100110
00111100
01111110
11100111
11000011
11100111
01111110
00111100
00000000
00000000
00000000
 $39  9
00111100
01111110
11100111
11000011
11100111
01111111
00111111
00000111
00011110
00011100
00000000
00000000
00000000
 $3A  :
00000000
00000000
00000000
00000000
11000000
11000000
00000000
11000000
11000000
00000000
00000000
00000000
00000000
 $3B  ;
00000000
00000000
00000000
00000000
01100000
01100000
00000000
01100000
01100000
11000000
00000000
00000000
00000000
 $3C  <
00110000
00110000
01100000
01100000
11000000
11000000
01100000
01100000
00110000
00110000
00000000
00000000
00000000
 $3D  =
00000000
00000000
00000000
11111100
11111100
00000000
00000000
11111100
11111100
00000000
00000000
00000000
00000000
 $3E  >
11000000
11000000
01100000
01100000
00110000
00110000
01100000
01100000
11000000
11000000
00000000
00000000
00000000
 $3F  ?
00111100
01111110
11100111
11000111
00001110
00011100
00011000
00000000
00011000
00011000
00000000
00000000
00000000
 $40  @
00111100
01111110
11100111
11011011
11011111
11011111
11001110
11100000
01111100
00111100
00000000
00000000
00000000
 $41  A
00111100
01111110
11100111
11000011
11000011
11111111
11111111
11000011
11000011
11000011
00000000
00000000
00000000
 $42  B
01111000
11111100
11001100
11111100
11111110
11000111
11000011
11000111
11111110
11111100
00000000
00000000
00000000
 $43  C
00111100
01111110
11100011
11000000
11000000
11000000
11000000
11100011
01111110
00111100
00000000
00000000
00000000
 $44  D
01111100
11111110
11000111
11000011
11000011
11000011
11000011
11000111
11111110
11111100
00000000
00000000
00000000
 $45  E
00111100
01111100
11100000
11000000
11111000
11111000
11000000
11100000
01111100
00111100
00000000
00000000
00000000
 $46  F
00111100
01111100
11100000
11000000
11111000
11111000
11000000
11000000
11000000
11000000
00000000
00000000
00000000
 $47  G
00111100
01111110
11100111
11000011
11000000
11001111
11000011
11100111
01111110
00111100
00000000
00000000
00000000
 $48  H
11000110
11000110
11000110
11000110
11111110
11000110
11000110
11000110
11000110
11000110
00000000
00000000
00000000
 $49  I
11000000
11000000
11000000
11000000
11000000
11000000
11000000
11000000
11000000
11000000
00000000
00000000
00000000
 $4A  J
01110000
01110000
00110000
00110000
00110000
00110000
00110000
00110000
01110000
11100000
11000000
00000000
00000000
 $4B  K
11001100
11001100
11001100
11011100
11111000
11111100
11001110
11000110
11000110
11000110
00000000
00000000
00000000
 $4C  L
11000000
11000000
11000000
11000000
11000000
11000000
11000000
11100000
01111000
00111000
00000000
00000000
00000000
 $4D  M
01100110
11111111
11111111
11011011
11011011
11011011
11011011
11011011
11011011
11011011
00000000
00000000
00000000
 $4E  N
00111100
01111110
11100111
11000011
11000011
11000011
11000011
11000011
11000011
11000011
00000000
00000000
00000000
 $4F  O
00111100
01111110
11100111
11000011
11000011
11000011
11000011
11100111
01111110
00111100
00000000
00000000
00000000
 $50  P
00111100
01111110
11100111
11000011
11000011
11100111
11111110
11011100
11000000
11000000
00000000
00000000
00000000
 $51  Q
00111100
01111110
11100111
11000011
11000011
11000011
11000011
11100111
01111110
00111100
00001111
00000111
00000000
 $52  R
00111100
01111110
11100111
11000011
11000011
11100111
11111110
11011100
11001111
11000111
00000000
00000000
00000000
 $53  S
00111100
01111110
01100000
01111100
00111110
00000111
11000011
11100111
01111110
00111100
00000000
00000000
00000000
 $54  T
11111100
11111100
00110000
00110000
00110000
00110000
00110000
00110000
00110000
00110000
00000000
00000000
00000000
 $55  U
11000011
11000011
11000011
11000011
11000011
11000011
11000011
11100111
01111110
00111100
00000000
00000000
00000000
 $56  V
11000011
11000011
11000011
01100110
01100110
01100110
00111100
00111100
00011000
00011000
00000000
00000000
00000000
 $57  W
11011011
11011011
11011011
11011011
11011011
11011011
11011011
11111111
11111111
01100110
00000000
00000000
00000000
 $58  X
11000011
11100111
01111110
00111100
00011000
00011000
00111100
01111110
11100111
11000011
00000000
00000000
00000000
 $59  Y
11000011
11000011
11000011
11000011
01100110
01111110
00111100
00011000
00011000
00011000
00000000
00000000
00000000
 $5A  Z
11111111
11111111
00000111
00001110
00011100
00111000
01110000
11100000
11111111
11111111
00000000
00000000
00000000
 $5B  [
11100000
11000000
11000000
11000000
11000000
11000000
11000000
11000000
11000000
11100000
00000000
00000000
00000000
 $5C  \
11000000
11000000
11000000
01100000
01100000
01100000
01100000
00110000
00110000
00110000
00000000
00000000
00000000
 $5D  ]
11100000
01100000
01100000
01100000
01100000
01100000
01100000
01100000
01100000
11100000
00000000
00000000
00000000
 $5E  ^
00110000
01111000
01111000
11111100
11001100
00000000
00000000
00000000
00000000
00000000
00000000
00000000
00000000
 $5F  _
00000000
00000000
00000000
00000000
00000000
00000000
00000000
00000000
00000000
00000000
11111111
11111111
00000000
 $60  `
11000000
11100000
01100000
00000000
00000000
00000000
00000000
00000000
00000000
00000000
00000000
00000000
00000000
 $61  a
00000000
00000000
00111100
01111110
11100111
11000011
11000011
11100111
01111111
00111011
00000000
00000000
00000000
 $62  b
11000000
11000000
11011100
11111110
11100111
11000011
11000011
11100111
01111110
00111100
00000000
00000000
00000000
 $63  c
00000000
00000000
00111100
01111110
11100110
11000000
11000000
11100110
01111110
00111100
00000000
00000000
00000000
 $64  d
00000011
00000011
00111011
01111111
11100111
11000011
11000011
11100111
01111110
00111100
00000000
00000000
00000000
 $65  e
00000000
00000000
00111100
01111110
11101110
11011100
11111011
11110111
01111110
00111100
00000000
00000000
00000000
 $66  f
00111000
01111000
11100000
11000000
11110000
11110000
11000000
11000000
11000000
11000000
00000000
00000000
00000000
 $67  g
00000000
00000000
00111100
01111110
11100111
11000011
11000011
11100111
01111111
00111011
00000111
00011110
00011100
 $68  h
11000000
11000000
11011100
11111110
11100111
11000011
11000011
11000011
11000011
11000011
00000000
00000000
00000000
 $69  i
11000000
11000000
00000000
11000000
11000000
11000000
11000000
11000000
11100000
01100000
00000000
00000000
00000000
 $6A  j
01100000
01100000
00000000
01100000
01100000
01100000
01100000
01100000
01100000
01100000
01100000
01100000
11000000
 $6B  k
11000000
11000000
11001100
11011100
11111000
11111100
11001110
11000110
11000110
11000110
00000000
00000000
00000000
 $6C  l
11000000
11000000
11000000
11000000
11000000
11000000
11000000
11000000
11100000
01100000
00000000
00000000
00000000
 $6D  m
00000000
00000000
01100110
11111111
11111111
11011011
11011011
11011011
11011011
11011011
00000000
00000000
00000000
 $6E  n
00000000
00000000
01111100
11101110
11000110
11000110
11000110
11000110
11000110
11000110
00000000
00000000
00000000
 $6F  o
00000000
00000000
00111100
01111110
11100111
11000011
11000011
11100111
01111110
00111100
00000000
00000000
00000000
 $70  p
00000000
00000000
00111100
01111110
11100111
11000011
11000011
11100111
11111110
11011100
11000000
11000000
00000000
 $71  q
00000000
00000000
00111100
01111110
11100111
11000011
11000011
11100111
01111111
00111011
00000011
00000011
00000000
 $72  r
00000000
00000000
00111000
01111000
11100000
11000000
11000000
11000000
11000000
11000000
00000000
00000000
00000000
 $73  s
00000000
00000000
01111100
11111100
11000000
01110000
00111000
00001100
11111100
11111000
00000000
00000000
00000000
 $74  t
11000000
11000000
11110000
11110000
11000000
11000000
11000000
11000000
11110000
01110000
00000000
00000000
00000000
 $75  u
00000000
00000000
11000011
11000011
11000011
11000011
11000011
11100111
01111110
00111100
00000000
00000000
00000000
 $76  v
00000000
00000000
11000011
11000011
01100110
01100110
00111100
00111100
00011000
00011000
00000000
00000000
00000000
 $77  w
00000000
00000000
11011011
11011011
11011011
11011011
11011011
11111111
11111111
01100110
00000000
00000000
00000000
 $78  x
00000000
00000000
11000110
11101110
01111100
00111000
00111000
01111100
11101110
11000110
00000000
00000000
00000000
 $79  y
00000000
00000000
11000011
11000011
11000011
11000011
11000011
11100111
01111111
00111011
00000111
00011110
00011100
 $7A  z
00000000
00000000
11111110
11111110
00001100
00011000
00110000
01100000
11111110
11111110
00000000
00000000
00000000
 $7B  {
00110000
01100000
01100000
01100000
11000000
01100000
01100000
01100000
01100000
00110000
00000000
00000000
00000000
 $7C  |
11000000
11000000
11000000
11000000
11000000
11000000
11000000
11000000
11000000
11000000
00000000
00000000
00000000
 $7D  }
11000000
01100000
01100000
01100000
00110000
01100000
01100000
01100000
01100000
11000000
00000000
00000000
00000000
 $7E  ~
00000000
00000000
00000000
00000000
01100110
11111110
11001100
00000000
00000000
00000000
00000000
00000000
00000000
 $7F  cursor
11001100
00110011
11001100
00110011
11001100
00110011
11001100
00110011
11001100
00110011
00000000
00000000
00000000
