#.
00000000000000
00000000000000
00000000000000
00000000000000
00000111100000
00000111100000
00000111100000
00000111100000
#/
00000000000000
00000000000000
00000000000000
00000000000000
00000000000000
00000000000000
00000000000000
00000000000000
#0
00011111110000
00111111111000
00111000011000
00111011011000
00111011011000
00111000011000
00111111111000
00011111110000
#1
00001111000000
00001111000000
00000111000000
00000111000000
00000111000000
00000111000000
00001111100000
00001111100000
#2
00111111110000
00111111111000
00110000011000
00000011111000
00011111100000
00111000000000
00111111111000
00111111111000
#3
00111111110000
00111111111000
00000000111000
00001111111000
00001111111000
00000000111000
00111111111000
00111111110000
#4
00111000111000
00111000111000
00111000111000
00111111111000
00111111111000
00000000111000
00000000111000
00000000111000
#5
00111111111000
00111111111000
00110000000000
00111111110000
00111111111000
00000000111000
00111111111000
00111111110000
#6
00011111111000
00111111111000
00111000000000
00111111110000
00111111111000
00111000011000
00111111111000
00011111110000
#7
00111111111000
00111111111000
00110000111000
00000000111000
00000000111000
00000000111000
00000000111000
00000000111000
#8
00011111110000
00111111111000
00111000111000
00011111110000
00011111110000
00111000111000
00111111111000
00011111110000
#9
00011111110000
00111111111000
00110000111000
00111111111000
00011111111000
00000000111000
00111111111000
00111111110000
#:
00000000000000
00000000000000
00000000000000
00000000000000
00000000000000
00000000000000
00000000000000
00000000000000
#;
00000000000000
00000000000000
00000000000000
00000000000000
00000000000000
00000000000000
00000000000000
00000000000000
#<
00000000000000
00000000000000
00000000000000
00000000000000
00000000000000
00000000000000
00000000000000
00000000000000
#=
00000000000000
00000000000000
00000000000000
00000000000000
00000000000000
00000000000000
00000000000000
00000000000000
#>
00000000000000
00000000000000
00000000000000
00000000000000
00000000000000
00000000000000
00000000000000
00000000000000
#?
00000000000000
00000000000000
00000000000000
00000000000000
00000000000000
00000000000000
00000000000000
00000000000000
#@
00000000000000
00000000000000
00000000000000
00000000000000
00000000000000
00000000000000
00000000000000
00000000000000
#A
00111111111000
00111111111000
00000000111000
00111000111000
00111111111000
00111111111000
00111000111000
00111000111000
#B
00111111110000
00111111111000
00000000111000
00111111110000
00111111110000
00111000111000
00111111111000
00111111110000
#C
00111111111000
00111111111000
00000000111000
00111000000000
00111000000000
00111000111000
00111111111000
00111111111000
#D
00111111110000
00111111111000
00000000111000
00111000111000
00111000111000
00111000111000
00111111111000
00111111110000
#E
00111111111000
00111111111000
00000000000000
00111111100000
00111111100000
00111000000000
00111111111000
00111111111000
#F
00111111111000
00111111111000
00000000000000
00111111100000
00111111100000
00111000000000
00111000000000
00111000000000
#G
00111111111000
00111111111000
00000000111000
00111000000000
00111011111000
00111000111000
00111111111000
00111111111000
#H
00111000111000
00111000111000
00000000111000
00111111111000
00111111111000
00111000111000
00111000111000
00111000111000
#I
00111111111000
00111111111000
00000000000000
00000111000000
00000111000000
00000111000000
00111111111000
00111111111000
#J
00011111111000
00011111111000
00000000000000
00000011100000
00000011100000
00110011100000
00111111100000
00111111100000
#K
00111000111000
00111001110000
00111011100000
00111011000000
00111011000000
00111011100000
00111001110000
00111000111000
#L
00111000000000
00111000000000
00111000000000
00111000000000
00111000000000
00000000000000
00111111111000
00111111111000
#M
00111111110000
00111111111000
00000000011000
00111011011000
00111011011000
00111011011000
00111011011000
00111011011000
#N
00111111110000
00111111111000
00000000111000
00111000111000
00111000111000
00111000111000
00111000111000
00111000111000
#O
00111111111000
00111111111000
00000000111000
00111000111000
00111000111000
00111000111000
00111111111000
00111111111000
#P
00111111110000
00111111111000
00000000111000
00111111111000
00111111110000
00111000000000
00111000000000
00111000000000
#Q
00111111111000
00111111111000
00000000111000
00111000111000
00111000111000
00111000000000
00111111011000
00111111011000
#R
00111111110000
00111111111000
00000000111000
00111111110000
00111111100000
00111001110000
00111000111000
00111000011000
#S
00011111111000
00111111111000
00000000000000
00111111110000
00011111111000
00000000111000
00111111111000
00111111110000
#T
00111111111000
00111111111000
00000000000000
00000111000000
00000111000000
00000111000000
00000111000000
00000111000000
#U
00111000111000
00111000111000
00111000111000
00111000111000
00111000111000
00000000111000
00111111111000
00111111111000
#V
00111000111000
00111000111000
00111000111000
00111000111000
00111001110000
00000011100000
00111111000000
00111110000000
#W
00111011011000
00111011011000
00111011011000
00111011011000
00111011011000
00000000011000
00111111111000
00111111110000
#X
00111000111000
00111000111000
00011101110000
00001101100000
00001101100000
00011101110000
00111000111000
00111000111000
#Y
00111000111000
00111000111000
00111000111000
00111110111000
00111110111000
00000000111000
00111111111000
00111111110000
#Z
00111111111000
00111111111000
00000011110000
00000111100000
00001111000000
00000000000000
00111111111000
00111111111000
