; $21  !
1100000
1100000
1100000
1100000
1100000
0000000
1100000
0000000
0000000
; $22  "
1101100
1101100
1101100
0000000
0000000
0000000
0000000
0000000
0000000
; $23  #
0110110
0110110
1111111
0110110
1111111
0110110
0110110
0000000
0000000
; $24  $
0011000
0111100
1110000
0111100
0001110
0111100
0011000
0000000
0000000
; $25  %
1100000
1100011
0000110
0001100
0011000
0110011
1100011
0000000
0000000
; $26  &
0111000
1101100
1101100
0111000
1101111
1100110
0111011
0000000
0000000
; $27  '
1100000
1100000
1100000
0000000
0000000
0000000
0000000
0000000
0000000
; $28  (
0011000
0110000
1100000
1100000
1100000
0110000
0011000
0000000
0000000
; $29  )
1100000
0110000
0011000
0011000
0011000
0110000
1100000
0000000
0000000
; $2A  *
0000000
0011000
1111110
0111100
0111100
1111110
0011000
0000000
0000000
; $2B  +
0000000
0011000
0011000
1111110
0011000
0011000
0000000
0000000
0000000
; $2C  ,
0000000
0000000
0000000
0000000
0000000
0110000
0110000
1100000
0000000
; $2D  -
0000000
0000000
0000000
1111110
0000000
0000000
0000000
0000000
0000000
; $2E  .
0000000
0000000
0000000
0000000
0000000
1100000
1100000
0000000
0000000
; $2F  /
0000000
0000110
0001100
0011000
0110000
1100000
0000000
0000000
0000000
; $30  0
0111110
1100011
1100111
1101011
1110011
1100011
0111110
0000000
0000000
; $31  1
0110000
1110000
0110000
0110000
0110000
0110000
1111000
0000000
0000000
; $32  2
0111100
1100110
0000110
0011100
0110000
1100000
1111110
0000000
0000000
; $33  3
0111100
1100110
0000110
0011100
0000110
1100110
0111100
0000000
0000000
; $34  4
0001100
0011100
0111100
1101100
1111110
0001100
0001100
0000000
0000000
; $35  5
1111110
1100000
1111100
0000110
0000110
1100110
0111100
0000000
0000000
; $36  6
0111100
1100110
1100000
1111100
1100110
1100110
0111100
0000000
0000000
; $37  7
1111110
0000110
0001100
0011000
0110000
0110000
0110000
0000000
0000000
; $38  8
0111100
1100110
1100110
0111100
1100110
1100110
0111100
0000000
0000000
; $39  9
0111100
1100110
1100110
0111110
0000110
1100110
0111100
0000000
0000000
; $3A  :
0000000
1100000
1100000
0000000
1100000
1100000
0000000
0000000
0000000
; $3B  ;
0000000
0110000
0110000
0000000
0110000
0110000
1100000
0000000
0000000
; $3C  <
0001100
0011000
0110000
1100000
0110000
0011000
0001100
0000000
0000000
; $3D  =
0000000
1111100
1111100
0000000
1111100
1111100
0000000
0000000
0000000
; $3E  >
1100000
0110000
0011000
0001100
0011000
0110000
1100000
0000000
0000000
; $3F  ?
0111110
1100011
0000110
0001100
0001100
0000000
0001100
0000000
0000000
; $40  @
0111110
1100011
1101011
1101111
1101110
1100000
0111110
0000000
0000000
; $41  A
0111110
1100011
1100011
1100011
1111111
1100011
1100011
0000000
0000000
; $42  B
1111110
1100011
1100011
1111110
1100011
1100011
1111110
0000000
0000000
; $43  C
0111110
1100011
1100000
1100000
1100000
1100011
0111110
0000000
0000000
; $44  D
1111100
1100110
1100011
1100011
1100011
1100110
1111100
0000000
0000000
; $45  E
1111110
1100000
1100000
1111100
1100000
1100000
1111110
0000000
0000000
; $46  F
1111110
1100000
1100000
1111100
1100000
1100000
1100000
0000000
0000000
; $47  G
0111110
1100011
1100000
1100000
1100111
1100011
0111111
0000000
0000000
; $48  H
1100011
1100011
1100011
1111111
1100011
1100011
1100011
0000000
0000000
; $49  I
1111000
0110000
0110000
0110000
0110000
0110000
1111000
0000000
0000000
; $4A  J
0000110
0000110
0000110
0000110
0000110
1100110
0111100
0000000
0000000
; $4B  K
1100011
1100110
1101100
1111000
1101100
1100110
1100011
0000000
0000000
; $4C  L
1100000
1100000
1100000
1100000
1100000
1100000
1111111
0000000
0000000
; $4D  M
1100011
1110111
1111111
1101011
1100011
1100011
1100011
0000000
0000000
; $4E  N
1100011
1100011
1110011
1111011
1101111
1100111
1100011
0000000
0000000
; $4F  O
0111110
1100011
1100011
1100011
1100011
1100011
0111110
0000000
0000000
; $50  P
1111110
1100011
1100011
1111110
1100000
1100000
1100000
0000000
0000000
; $51  Q
0111110
1100011
1100011
1100011
1101111
1100110
0111011
0000000
0000000
; $52  R
1111110
1100011
1100011
1111110
1101100
1100110
1100011
0000000
0000000
; $53  S
0111110
1100011
1100000
0111110
0000011
1100011
0111110
0000000
0000000
; $54  T
1111110
0011000
0011000
0011000
0011000
0011000
0011000
0000000
0000000
; $55  U
1100011
1100011
1100011
1100011
1100011
1100011
0111110
0000000
0000000
; $56  V
1100011
1100011
1100011
1100011
0110110
0011100
0001000
0000000
0000000
; $57  W
1100011
1100011
1100011
1101011
1111111
1110111
1100011
0000000
0000000
; $58  X
1100011
1100011
0110110
0011100
0110110
1100011
1100011
0000000
0000000
; $59  Y
1100110
1100110
0111100
0011000
0011000
0011000
0011000
0000000
0000000
; $5A  Z
1111110
0000110
0001100
0011000
0110000
1100000
1111110
0000000
0000000
; $5B  [
1111000
1100000
1100000
1100000
1100000
1100000
1111000
0000000
0000000
; $5C  \
0000000
1100000
0110000
0011000
0001100
0000110
0000000
0000000
0000000
; $5D  ]
1111000
0011000
0011000
0011000
0011000
0011000
1111000
0000000
0000000
; $5E  ^
0000000
0000000
0011000
0111100
1100110
0000000
0000000
0000000
0000000
; $5F  _
0000000
0000000
0000000
0000000
0000000
0000000
1111110
0000000
0000000
; $60  `
1100000
0110000
0011000
0000000
0000000
0000000
0000000
0000000
0000000
; $61  a
0000000
0000000
0111100
0000110
0111110
1100110
0111110
0000000
0000000
; $62  b
1100000
1100000
1111100
1100110
1100110
1100110
1111100
0000000
0000000
; $63  c
0000000
0000000
0111100
1100000
1100000
1100000
0111100
0000000
0000000
; $64  d
0000110
0000110
0111110
1100110
1100110
1100110
0111110
0000000
0000000
; $65  e
0000000
0000000
0111100
1100110
1111110
1100000
0111110
0000000
0000000
; $66  f
0011110
0110000
1111100
0110000
0110000
0110000
0110000
0000000
0000000
; $67  g
0000000
0000000
0111110
1100110
1100110
1100110
0111110
0000110
0111100
; $68  h
1100000
1100000
1111100
1100110
1100110
1100110
1100110
0000000
0000000
; $69  i
0110000
0000000
1110000
0110000
0110000
0110000
1111000
0000000
0000000
; $6A  j
0000110
0000000
0001110
0000110
0000110
0000110
0000110
1100110
0111100
; $6B  k
1100000
1100000
1100110
1101100
1111000
1101100
1100110
0000000
0000000
; $6C  l
1110000
0110000
0110000
0110000
0110000
0110000
1111000
0000000
0000000
; $6D  m
0000000
0000000
1110110
1111111
1101011
1100011
1100011
0000000
0000000
; $6E  n
0000000
0000000
1111100
1100110
1100110
1100110
1100110
0000000
0000000
; $6F  o
0000000
0000000
0111100
1100110
1100110
1100110
0111100
0000000
0000000
; $70  p
0000000
0000000
1111100
1100110
1100110
1100110
1111100
1100000
1100000
; $71  q
0000000
0000000
0111110
1100110
1100110
1100110
0111110
0000110
0000110
; $72  r
0000000
0000000
1111100
1100110
1100000
1100000
1100000
0000000
0000000
; $73  s
0000000
0000000
0111100
1100000
0111100
0000110
0111100
0000000
0000000
; $74  t
0110000
0110000
1111100
0110000
0110000
0110000
0011100
0000000
0000000
; $75  u
0000000
0000000
1100110
1100110
1100110
1100110
0111110
0000000
0000000
; $76  v
0000000
0000000
1100011
1100011
0110110
0011100
0001000
0000000
0000000
; $77  w
0000000
0000000
1100011
1100011
1101011
1111111
0110110
0000000
0000000
; $78  x
0000000
0000000
1100011
0110110
0011100
0110110
1100011
0000000
0000000
; $79  y
0000000
0000000
1100011
1100011
0110110
0011100
0011000
0110000
1100000
; $7A  z
0000000
0000000
1111110
0001100
0011000
0110000
1111110
0000000
0000000
; $7B  {
0011100
0110000
0110000
1100000
0110000
0110000
0011100
0000000
0000000
; $7C  |
1100000
1100000
1100000
1100000
1100000
1100000
1100000
0000000
0000000
; $7D  }
1110000
0011000
0011000
0001100
0011000
0011000
1110000
0000000
0000000
; $7E  ~
0000000
0000000
0110110
1101100
0000000
0000000
0000000
0000000
0000000
; $7F  cursor
1010101
0101010
1010101
0101010
1010101
0101010
1010101
0000000
0000000
