; $21  !
00000011000000
00000111100000
00000111100000
00000111100000
00000111100000
00000111100000
00000111100000
00000111100000
00000011000000
00000000000000
00000011000000
00000111100000
00000111100000
00000011000000
; $22  "
00000000000000
00011000011000
00111100111100
00111100111100
00011000011000
00110000110000
00000000000000
00000000000000
00000000000000
00000000000000
00000000000000
00000000000000
00000000000000
00000000000000
; $23  #
00000000000000
00001100011000
00011100111000
01111111111110
11111111111111
01111111111110
00011100111000
00011100111000
01111111111110
11111111111111
01111111111110
00011100111000
00011000110000
00000000000000
; $24  $
00000011000000
00000011000000
00001111110000
00011111111000
00111000011100
00111100000000
00011111100000
00000111111000
00000000111100
00111000011100
00011111111000
00001111110000
00000011000000
00000011000000
; $25  %
00000000000000
00110000001100
01111000011110
01111000111110
00110001111100
00000011111000
00000111110000
00001111100000
00011111000000
00111110001100
01111100011110
01111000011110
00110000001100
00000000000000
; $26  &
00001111100000
00011111110000
00111000111000
00110000011000
00111000111000
00011111110000
00001111100000
00011111100111
00111001111110
01110000111100
01110000011000
01111000011100
00111111111111
00001111100111
; $27  '
00000000000000
00000011000000
00000111100000
00000111100000
00000011000000
00000110000000
00000000000000
00000000000000
00000000000000
00000000000000
00000000000000
00000000000000
00000000000000
00000000000000
; $28  (
00000001100000
00000011110000
00000111100000
00000111000000
00001111000000
00001110000000
00001110000000
00001110000000
00001110000000
00001111000000
00000111000000
00000111100000
00000011110000
00000001100000
; $29  )
00000110000000
00001111000000
00000111100000
00000011100000
00000011110000
00000001110000
00000001110000
00000001110000
00000001110000
00000011110000
00000011100000
00000111100000
00001111000000
00000110000000
; $2A  *
00000000000000
00000011000000
00000111100000
00000111100000
01110111101110
11111111111111
01111111111110
00011111111000
00001111110000
00011111111000
00111111111100
00111100111100
00011000011000
00000000000000
; $2B  +
00000000000000
00000000000000
00000011000000
00000111100000
00000111100000
00000111100000
00111111111100
01111111111110
00111111111100
00000111100000
00000111100000
00000111100000
00000011000000
00000000000000
; $2C  ,
00000000000000
00000000000000
00000000000000
00000000000000
00000000000000
00000000000000
00000000000000
00000000000000
00000011000000
00000111100000
00000011100000
00000111000000
00000110000000
00001100000000
; $2D  -
00000000000000
00000000000000
00000000000000
00000000000000
00000000000000
00000000000000
00011111111000
00111111111100
00011111111000
00000000000000
00000000000000
00000000000000
00000000000000
00000000000000
; $2E  .
00000000000000
00000000000000
00000000000000
00000000000000
00000000000000
00000000000000
00000000000000
00000000000000
00000000000000
00000000000000
00000110000000
00001111000000
00001111000000
00000110000000
; $2F  /
00000000000000
00000000001100
00000000011110
00000000111110
00000001111100
00000011111000
00000111110000
00001111100000
00011111000000
00111110000000
01111100000000
01111000000000
00110000000000
00000000000000
; $30  0
00000011000000
00001111110000
00011111111000
00111111111100
00111100111100
01111000011110
01111000011110
01111000011110
01111000011110
00111100111100
00111111111100
00011111111000
00001111110000
00000011000000
; $31  1
00000011100000
00001111110000
00011111110000
00111111110000
00111011110000
00110011110000
00000011110000
00000011110000
00000011110000
00000011110000
00000011110000
00000011110000
00000011110000
00000001100000
; $32  2
00001111110000
00111111111100
01111111111110
01111000011110
00110000001110
00000000011110
00000001111100
00000011111000
00001111110000
00011111000000
00111100000000
01111111111110
01111111111111
00111111111110
; $33  3
00001111110000
00111111111100
01111111111110
01111000011110
00110000001110
00000000011110
00000011111100
00000011111100
00000000011110
00110000001110
01111000011110
01111111111110
00111111111100
00001111110000
; $34  4
00001100001100
00011110011110
00011110011110
00111100011110
00111100011110
01111000011110
01111000011110
01111111111110
01111111111110
00111111111110
00000000011110
00000000011110
00000000011110
00000000001100
; $35  5
00111111111100
01111111111110
01111111111100
01110000000000
01110000000000
01111111100000
01111111111000
00111111111100
00000000011110
00000000001110
00111000011110
01111111111100
00111111111000
00001111100000
; $36  6
00000011111000
00001111111100
00011111111000
00111100000000
00111000000000
01111111100000
01111111111000
01111111111100
01111000011110
01110000001110
01111000011110
00111111111100
00011111111000
00000111100000
; $37  7
00111111111100
01111111111110
00111111111110
00000000111110
00000001111100
00000011111000
00000011110000
00000111100000
00000111100000
00000111100000
00000111100000
00000111100000
00000111100000
00000011000000
; $38  8
00000111100000
00011111111000
00111111111100
01111000011110
01110000001110
01111000011110
00111111111100
00111111111100
01111000011110
01110000001110
01111000011110
00111111111100
00011111111000
00000111100000
; $39  9
00000111100000
00011111111000
00111111111100
01111000011110
01110000001110
01111000011110
00111111111110
00011111111110
00000111111110
00000000011100
00000000111100
00011111111000
00111111110000
00011111000000
; $3A  :
00000000000000
00000000000000
00000000000000
00000011000000
00000111100000
00000111100000
00000011000000
00000000000000
00000011000000
00000111100000
00000111100000
00000011000000
00000000000000
00000000000000
; $3B  ;
00000000000000
00000000000000
00000000000000
00000011000000
00000111100000
00000111100000
00000011000000
00000000000000
00000011000000
00000111100000
00000011100000
00000111000000
00000110000000
00001100000000
; $3C  <
00000000110000
00000001111000
00000011111000
00000111110000
00001111100000
00011111000000
00111110000000
00111110000000
00011111000000
00001111100000
00000111110000
00000011111000
00000001111000
00000000110000
; $3D  =
00000000000000
00000000000000
00000000000000
00011111111000
00111111111100
00011111111000
00000000000000
00000000000000
00011111111000
00111111111100
00011111111000
00000000000000
00000000000000
00000000000000
; $3E  >
00001100000000
00011110000000
00011111000000
00001111100000
00000111110000
00000011111000
00000001111100
00000001111100
00000011111000
00000111110000
00001111100000
00011111000000
00011110000000
00001100000000
; $3F  ?
00000111100000
00011111111000
00111111111100
01111000011110
00110000001110
00000000011110
00000001111100
00000011110000
00000111100000
00000011000000
00000000000000
00000011000000
00000111100000
00000011000000
; $40  @
00000111100000
00011111111000
00110000001100
01100000000110
01100111100110
11001100110011
11001100110011
11001100110011
11001111110011
01100110110110
01110000111110
00111000011100
00011110000000
00000111000000
; $41  A
00000011000000
00000111100000
00001111110000
00001111110000
00011111111000
00011111111000
00111100111100
00111000011100
01111111111110
01111111111110
11111111111111
11111000011111
11110000001111
01110000001110
; $42  B
01111111111000
11111111111110
11111111111110
11110000011111
11110000001111
11110000011111
11110001111110
11110001111110
11110000011111
11110000001111
11110000011111
11111111111110
11111111111110
01111111111000
; $43  C
00000111111000
00011111111110
00111111111111
01111100001110
01111000000000
11110000000000
11110000000000
11110000000000
11110000000000
01111000000000
01111100001110
00111111111111
00011111111110
00000111111000
; $44  D
01111111100000
11111111111000
11111111111100
11110000111110
11110000011110
11110000001111
11110000001111
11110000001111
11110000001111
11110000011110
11110000111110
11111111111100
11111111111000
01111111100000
; $45  E
01111111111110
11111111111111
11111111111110
11110000000000
11110000000000
11111111111000
11111111111100
11111111111000
11110000000000
11110000000000
11110000000000
11111111111110
11111111111111
01111111111110
; $46  F
01111111111110
11111111111111
11111111111110
11110000000000
11110000000000
11111111111000
11111111111100
11111111111000
11110000000000
11110000000000
11110000000000
11110000000000
11110000000000
01100000000000
; $47  G
00000111111000
00011111111110
00111111111111
01111100001110
01111000000000
11110000000000
11110000111110
11110000111111
11110000001111
01111000001111
01111100001111
00111111111111
00011111111110
00000111111000
; $48  H
01100000000110
11110000001111
11110000001111
11110000001111
11110000001111
11111111111111
11111111111111
11111111111111
11110000001111
11110000001111
11110000001111
11110000001111
11110000001111
01100000000110
; $49  I
01111111111110
11111111111111
01111111111110
00000111100000
00000111100000
00000111100000
00000111100000
00000111100000
00000111100000
00000111100000
00000111100000
01111111111110
11111111111111
01111111111110
; $4A  J
00000000001100
00000000011110
00000000011110
00000000011110
00000000011110
00000000011110
00000000011110
00000000011110
00000000011110
00000000011110
00111000111110
01111111111100
00111111111000
00011111100000
; $4B  K
01100000011100
11110000111110
11110001111100
11110011111000
11110111110000
11111111100000
11111111000000
11111111000000
11111111100000
11110111110000
11110011111000
11110001111100
11110000111110
01100000011100
; $4C  L
01100000000000
11110000000000
11110000000000
11110000000000
11110000000000
11110000000000
11110000000000
11110000000000
11110000000000
11110000000000
11110000000000
11111111111100
11111111111110
01111111111100
; $4D  M
01100000000110
11110000001111
11111000011111
11111100111111
11111111111111
11111111111111
11111111111111
11110111101111
11110011001111
11110000001111
11110000001111
11110000001111
11110000001111
01100000000110
; $4E  N
01100000000110
11110000001111
11111000001111
11111100001111
11111110001111
11111111001111
11111111101111
11110111111111
11110011111111
11110001111111
11110000111111
11110000011111
11110000001111
01100000000110
; $4F  O
00000111100000
00011111111000
00111111111100
01111111111110
01111000011110
11110000001111
11110000001111
11110000001111
11110000001111
01111000011110
01111111111110
00111111111100
00011111111000
00000111100000
; $50  P
01111111110000
11111111111100
11111111111110
11110000011111
11110000001111
11110000001111
11110000011111
11111111111110
11111111111100
11111111110000
11110000000000
11110000000000
11110000000000
01100000000000
; $51  Q
00000111100000
00011111111000
00111111111100
01111111111110
01111000011110
11110000001111
11110000001111
11110000001111
11110000001111
01111000011110
01111111111110
00111111111111
00011111111111
00000111100111
; $52  R
01111111110000
11111111111100
11111111111110
11110000011111
11110000001111
11110000001111
11110000011111
11111111111110
11111111111100
11111111111100
11110000111110
11110000011111
11110000001111
01100000000110
; $53  S
00001111111000
00111111111110
01111111111111
11111000001110
11110000000000
11111111000000
01111111111000
00011111111110
00000011111111
00000000001111
01110000011111
11111111111110
01111111111100
00011111110000
; $54  T
01111111111110
11111111111111
01111111111110
00000111100000
00000111100000
00000111100000
00000111100000
00000111100000
00000111100000
00000111100000
00000111100000
00000111100000
00000111100000
00000011000000
; $55  U
01100000000110
11110000001111
11110000001111
11110000001111
11110000001111
11110000001111
11110000001111
11110000001111
11110000001111
11110000001111
01111000011110
01111111111110
00111111111100
00001111110000
; $56  V
01100000000110
11100000000111
11110000001111
11110000001111
01111000011110
01111000011110
00111100111100
00111100111100
00011111111000
00011111111000
00001111110000
00001111110000
00000111100000
00000111100000
; $57  W
01100000000110
11110000001111
11110000001111
11110000001111
11110000001111
11110011001111
11110111101111
11111111111111
11111111111111
11111111111111
11111100111111
11111000011111
11110000001111
01100000000110
; $58  X
01100000000110
11110000001111
11111000011111
01111100111110
00111111111100
00011111111000
00001111110000
00001111110000
00011111111000
00111111111100
01111100111110
11111000011111
11110000001111
01100000000110
; $59  Y
01100000000110
11110000001111
11111000011111
01111100111110
00111111111100
00011111111000
00001111110000
00000111100000
00000111100000
00000111100000
00000111100000
00000111100000
00000111100000
00000011000000
; $5A  Z
01111111111110
11111111111111
01111111111111
00000000111110
00000001111100
00000011111000
00000111110000
00001111100000
00011111000000
00111110000000
01111100000000
11111111111110
11111111111111
01111111111110
; $5B  [
00001111110000
00011111111000
00011111110000
00011100000000
00011100000000
00011100000000
00011100000000
00011100000000
00011100000000
00011100000000
00011100000000
00011111110000
00011111111000
00001111110000
; $5C  \
00000000000000
00110000000000
01111000000000
01111100000000
00111110000000
00011111000000
00001111100000
00000111110000
00000011111000
00000001111100
00000000111110
00000000011110
00000000001100
00000000000000
; $5D  ]
00001111110000
00011111111000
00001111111000
00000000111000
00000000111000
00000000111000
00000000111000
00000000111000
00000000111000
00000000111000
00000000111000
00001111111000
00011111111000
00001111110000
; $5E  ^
00000000000000
00000000000000
00000000000000
00000011000000
00000111100000
00001111110000
00011111111000
00111100111100
01111000011110
00110000001100
00000000000000
00000000000000
00000000000000
00000000000000
; $5F  _
00000000000000
00000000000000
00000000000000
00000000000000
00000000000000
00000000000000
00000000000000
00000000000000
00000000000000
00000000000000
00000000000000
00111111111100
01111111111110
00111111111100
