# $20  space
0000000
0000000
0000000
0000000
0000000
0000000
0000000
# $21  !
0000000
0000000
0000000
0000000
0000000
0000000
0000000
# $22  "
0000000
0000000
0000000
0000000
0000000
0000000
0000000
# $23  #
0000000
0000000
0000000
0000000
0000000
0000000
0000000
# $24  $
0000000
0000000
0000000
0000000
0000000
0000000
0000000
# $25  %
0000000
0000000
0000000
0000000
0000000
0000000
0000000
# $26  &
0000000
0000000
0000000
0000000
0000000
0000000
0000000
# $27  '
0000000
0000000
0000000
0000000
0000000
0000000
0000000
# $28  (
0011110
0111110
0111110
0111000
0111110
0111110
0011110
# $29  )
0111100
0111110
0111110
0001110
0111110
0111110
0111100
# $2A  *
0000000
0000000
0000000
0000000
0000000
0000000
0000000
# $2B  +
0000000
0000000
0000000
0000000
0000000
0000000
0000000
# $2C  ,
0000000
0000000
0000000
0000000
0000000
0000000
0000000
# $2D  -
0000000
0000000
0000000
0000000
0000000
0000000
0000000
# $2E  .
0000000
0000000
0000000
0000000
0000000
0000000
0000000
# $2F  /
0000000
0000000
0000000
0000000
0000000
0000000
0000000
# $30  0
0111100
1111110
1110110
1100110
1101110
1111110
0111100
# $31  1
0011000
0111000
0111000
0011000
1111110
1111110
1111110
# $32  2
1111100
1111110
0011100
0111000
1111110
1111110
1111110
# $33  3
1111100
1111110
0001110
1111100
0001110
1111110
1111100
# $34  4
0001110
0011110
0110110
1111110
1111110
1111110
0000110
# $35  5
1111110
1111110
1100000
1111100
0001110
1111110
1111100
# $36  6
0111110
1111110
1110000
1111100
1110110
1111110
0111100
# $37  7
1111110
1111110
0001110
0011100
0111000
1110000
1100000
# $38  8
0111100
1111110
1110110
0111100
1110110
1111110
0111100
# $39  9
0111100
1111110
1110110
0111110
0001110
1111110
1111100
# $3A  :
0000000
0000000
0000000
0000000
0000000
0000000
0000000
# $3B  ;
0000000
0000000
0000000
0000000
0000000
0000000
0000000
# $3C  <
0000000
0000000
0000000
0000000
0000000
0000000
0000000
# $3D  =
0000000
0000000
0000000
0000000
0000000
0000000
0000000
# $3E  >
0000000
0000000
0000000
0000000
0000000
0000000
0000000
# $3F  ?
0000000
0000000
0000000
0000000
0000000
0000000
0000000
# $40  @
0000000
0000000
0000000
0000000
0000000
0000000
0000000
# $41  A
0111100
1111110
1110110
1111110
1111110
1110110
1110110
# $42  B
0111100
1111110
1110110
1111100
1110110
1111110
1111100
# $43  C
0111110
1111110
1111110
1110000
1111110
1111110
0111110
# $44  D
1111100
1111110
1110110
1111110
1111110
1111110
1111100
# $45  E
0111110
1111110
1110000
1111110
1110000
1111110
0111110
# $46  F
0111110
1111110
1110000
1111110
1110000
1110000
1110000
# $47  G
0111100
1111100
1110000
1110110
1110110
1111110
0111110
# $48  H
1110110
1110110
1111110
1111110
1110110
1110110
1110110
# $49  I
1111110
1111110
1111110
0011000
1111110
1111110
1111110
# $4A  J
0001110
0001110
0001110
0001110
1111110
1111110
1111100
# $4B  K
1110110
1110110
1111100
1111000
1111100
1110110
1110110
# $4C  L
1110000
1110000
1110000
1110000
1111110
1111110
0111110
# $4D  M
0110100
1111110
1111110
1111110
1110110
1110110
1110110
# $4E  N
1111100
1111110
1111110
1110110
1110110
1110110
1110110
# $4F  O
0111100
1111110
1110110
1111110
1111110
1111110
0111100
# $50  P
1111100
1111110
1110110
1111110
1111100
1110000
1110000
# $51  Q
0111100
1111110
1110110
1111110
1111110
1111100
0110110
# $52  R
1111100
1111110
1110110
1111110
1111100
1110110
1110110
# $53  S
0111110
1111110
0111000
0011100
1111110
1111110
1111100
# $54  T
1111110
1111110
1111110
0011000
0011000
0011000
0011000
# $55  U
1110110
1110110
1110110
1110110
1111110
1111110
0111110
# $56  V
1110110
1110110
1110110
1110110
1111110
0111100
0011000
# $57  W
1110110
1110110
1110110
1111110
1111110
1111110
0110100
# $58  X
1100110
1111110
0111100
0011000
0111100
1111110
1100110
# $59  Y
1101110
1101110
1101110
0111110
0001110
1111110
1111100
# $5A  Z
1111110
1111110
0011100
0111000
1111110
1111110
1111110
# $5B  [
1111110
1111110
1111110
1110000
1111110
1111110
1111110
# $5C  \
0000000
0000000
0000000
0000000
0000000
0000000
0000000
# $5D  ]
1111110
1111110
1111110
0001110
1111110
1111110
1111110
# $5E  ^
0000000
0000000
0000000
0000000
0000000
0000000
0000000
# $5F  _
0000000
0000000
0000000
0000000
0000000
0000000
0000000
; $60  `
0000000
0000000
0000000
0000000
0000000
0000000
0000000
# $61  a
0111100
1111110
1110110
1111110
1111110
1110110
1110110
# $62  b
0111100
1111110
1110110
1111100
1110110
1111110
1111100
# $63  c
0111110
1111110
1111110
1110000
1111110
1111110
0111110
# $64  d
1111100
1111110
1110110
1111110
1111110
1111110
1111100
# $65  e
0111110
1111110
1110000
1111110
1110000
1111110
0111110
# $66  f
0111110
1111110
1110000
1111110
1110000
1110000
1110000
# $67  g
0111100
1111100
1110000
1110110
1110110
1111110
0111110
# $68  h
1110110
1110110
1111110
1111110
1110110
1110110
1110110
# $69  i
1111110
1111110
1111110
0011000
1111110
1111110
1111110
# $6A  j
0001110
0001110
0001110
0001110
1111110
1111110
1111100
# $6B  k
1110110
1110110
1111100
1111000
1111100
1110110
1110110
# $6C  l
1110000
1110000
1110000
1110000
1111110
1111110
0111110
# $6D  m
0110100
1111110
1111110
1111110
1110110
1110110
1110110
# $6E  n
1111100
1111110
1111110
1110110
1110110
1110110
1110110
# $6F  o
0111100
1111110
1110110
1111110
1111110
1111110
0111100
# $70  p
1111100
1111110
1110110
1111110
1111100
1110000
1110000
# $71  q
0111100
1111110
1110110
1111110
1111110
1111100
0110110
# $72  r
1111100
1111110
1110110
1111110
1111100
1110110
1110110
# $73  s
0111110
1111110
0111000
0011100
1111110
1111110
1111100
# $74  t
1111110
1111110
1111110
0011000
0011000
0011000
0011000
# $75  u
1110110
1110110
1110110
1110110
1111110
1111110
0111110
# $76  v
1110110
1110110
1110110
1110110
1111110
0111100
0011000
# $77  w
1110110
1110110
1110110
1111110
1111110
1111110
0110100
# $78  x
1100110
1111110
0111100
0011000
0111100
1111110
1100110
# $79  y
1101110
1101110
1101110
0111110
0001110
1111110
1111100
# $7A  z
1111110
1111110
0011100
0111000
1111110
1111110
1111110
; $7B  {
0000000
0000000
0000000
0000000
0000000
0000000
0000000
; $7C  |
0000000
0000000
0000000
0000000
0000000
0000000
0000000
; $7D  }
0000000
0000000
0000000
0000000
0000000
0000000
0000000
; $7E  ~
0000000
0000000
0000000
0000000
0000000
0000000
0000000
; $7F  cursor
0111111
0111111
0111111
0111111
0111111
0111111
0111111
