; $21  !
01100000
01100000
01100000
01100000
00000000
11100000
00000000
; $22  "
01100110
01100110
11001100
00000000
00000000
00000000
00000000
; $23  #
01101100
11111110
01101100
11111110
01101100
01101100
00000000
; $24  $
00010000
01111100
11010000
01111100
00010110
01111100
00010000
; $25  %
00000000
11001100
11011000
00010000
00110110
01100110
00000000
; $26  &
00000000
01110000
11001100
01111110
11001100
01111110
00000000
; $27  '
01100000
01100000
11000000
00000000
00000000
00000000
00000000
; $28  (
01110000
11000000
11000000
11000000
11000000
01110000
00000000
; $29  )
11100000
00110000
00110000
00110000
00110000
11100000
00000000
; $2A  *
00000000
01101100
00110000
11111110
00011000
01101100
00000000
; $2B  +
00000000
00110000
00110000
11111100
00110000
00110000
00000000
; $2C  ,
00000000
00000000
00000000
00000000
00000000
01100000
11000000
; $2D  -
00000000
00000000
00000000
11111100
00000000
00000000
00000000
; $2E  .
00000000
00000000
00000000
00000000
00000000
11000000
00000000
; $2F  /
00000110
00001100
00011000
00110000
01100000
11000000
00000000
; $30  0
00000000
01111100
11001110
11010110
11100110
01111100
00000000
; $31  1
00000000
11100000
01100000
01100000
01100000
11110000
00000000
; $32  2
00000000
11111100
00000110
01111100
11000000
11111110
00000000
; $33  3
00000000
11111110
00001100
00111100
00000110
11111100
00000000
; $34  4
00000000
00001100
00101100
01101100
11111110
00001100
00000000
; $35  5
00000000
11111110
11000000
11111100
00000110
11111100
00000000
; $36  6
00000000
01111100
11000000
11011100
11000110
01111100
00000000
; $37  7
00000000
11111110
11000110
00001100
00011000
00110000
00000000
; $38  8
00000000
01111100
11000110
01111100
11000110
01111100
00000000
; $39  9
00000000
01111100
11000110
01110110
00000110
01111100
00000000
; $3A  :
00000000
00000000
11000000
00000000
11000000
00000000
00000000
; $3B  ;
00000000
00000000
01100000
00000000
01100000
11000000
00000000
; $3C  <
00001110
00111000
11100000
11100000
00111000
00001110
00000000
; $3D  =
00000000
00000000
11111100
00000000
11111100
00000000
00000000
; $3E  >
11100000
00111000
00001110
00001110
00111000
11100000
00000000
; $3F  ?
00000000
11111100
00000110
00111100
00000000
00110000
00000000
; $40  @
00111000
01101100
11000110
11011110
11011100
01100000
00111110
; $41  A
00011000
00111100
01100110
01100110
11011011
11000011
00000000
; $42  B
11111100
00000110
11111100
11000110
11000110
11111100
00000000
; $43  C
01111110
11000110
11000000
11000000
11000000
01111110
00000000
; $44  D
11111100
00000110
11000110
11000110
11000110
11111100
00000000
; $45  E
11111100
00000000
11110000
11000000
11000000
11111110
00000000
; $46  F
11111110
00000000
11110000
11000000
11000000
11000000
00000000
; $47  G
01111110
11000000
11000000
11011110
11000110
01111110
00000000
; $48  H
11000110
11000110
11111110
11000110
11000110
11000110
00000000
; $49  I
11110000
01100000
01100000
01100000
01100000
11110000
00000000
; $4A  J
00000110
00000110
00000110
00000110
11000110
11111100
00000000
; $4B  K
11001100
11011000
11110000
11110000
11011000
11001110
00000000
; $4C  L
11000000
11000000
11000000
11000000
11000110
11111110
00000000
; $4D  M
11000011
11100111
11111111
11011011
11000011
11000011
00000000
; $4E  N
11000011
11100011
11110011
11001111
11000111
11000011
00000000
; $4F  O
01111110
11000011
11000011
11000011
11000011
01111110
00000000
; $50  P
11111100
00000110
11111100
11000000
11000000
11000000
00000000
; $51  Q
01111100
11000110
11000110
11000110
11001100
01110110
00000000
; $52  R
11111100
00000110
11111100
11011000
11001100
11000110
00000000
; $53  S
01111110
11000000
01111100
00000110
00000110
11111100
00000000
; $54  T
11111111
00000000
00011000
00011000
00011000
00011000
00000000
; $55  U
11000110
11000110
11000110
11000110
11000110
01111100
00000000
; $56  V
11000011
11000011
11000011
01100110
00111100
00011000
00000000
; $57  W
11000011
11000011
11011011
11111111
11100111
11000011
00000000
; $58  X
11000011
01100110
00111100
00111100
01100110
11000011
00000000
; $59  Y
11000011
01100110
00111100
00011000
00011000
00011000
00000000
; $5A  Z
11111110
00000000
00011000
00110000
01100000
11111110
00000000
; $5B  [
11110000
11000000
11000000
11000000
11000000
11110000
00000000
; $5C  \
11000000
01100000
00110000
00011000
00001100
00000110
00000000
; $5D  ]
11110000
00110000
00110000
00110000
00110000
11110000
00000000
; $5E  ^
00000000
00110000
01111000
11001100
00000000
00000000
00000000
; $5F  _
00000000
00000000
00000000
00000000
00000000
00000000
11111110
; $60  `
00000000
11000000
01100000
00000000
00000000
00000000
00000000
; $61  a
00000000
01111100
11000110
11000110
11000110
01110110
00000000
; $62  b
11000000
11011100
11000110
11000110
11000110
11111100
00000000
; $63  c
00000000
01111100
11000110
11000000
11000110
01111100
00000000
; $64  d
00000110
01110110
11000110
11000110
11000110
01111110
00000000
; $65  e
00000000
01111100
11000110
11011110
11000000
01111110
00000000
; $66  f
00011110
00110000
11111100
00110000
00110000
00110000
00000000
; $67  g
00000000
01111110
11000110
11000110
01110110
00000110
11111100
; $68  h
11000000
11011100
11000110
11000110
11000110
11000110
00000000
; $69  i
11000000
00000000
11000000
11000000
11000000
11000000
00000000
; $6A  j
00000110
00000000
00000110
00000110
00000110
11000110
11111100
; $6B  k
11000000
11000110
11001100
11011000
11001100
11000110
00000000
; $6C  l
11000000
11000000
11000000
11000000
11000000
11000000
00000000
; $6D  m
00000000
01100110
11011011
11011011
11000011
11000011
00000000
; $6E  n
00000000
01111100
11000110
11000110
11000110
11000110
00000000
; $6F  o
00000000
01111100
11000110
11000110
11000110
01111100
00000000
; $70  p
00000000
11111100
11000110
11000110
11000110
11011100
11000000
; $71  q
00000000
01111110
11000110
11000110
11000110
01110110
00000110
; $72  r
00000000
01111100
11000110
11000110
11000000
11000000
00000000
; $73  s
00000000
01111110
11000000
01111100
00000110
11111100
00000000
; $74  t
00110000
11111100
00110000
00110000
00110000
00110000
00000000
; $75  u
00000000
11000110
11000110
11000110
11000110
01111100
00000000
; $76  v
00000000
11000110
11000110
01101100
00111000
00010000
00000000
; $77  w
00000000
11000011
11000011
11011011
11011011
01100110
00000000
; $78  x
00000000
11000110
01101100
00111000
01101100
11000110
00000000
; $79  y
00000000
11000110
11000110
11000110
01110110
00000110
11111100
; $7A  z
00000000
11111110
00000000
00111000
01100000
11111110
00000000
; $7B  {
00011110
00110000
11100000
00110000
00110000
00011110
00000000
; $7C  |
11000000
11000000
11000000
11000000
11000000
11000000
00000000
; $7D  }
11110000
00011000
00001110
00011000
00011000
11110000
00000000
; $7E  ~
00000000
00000000
01110110
11011100
00000000
00000000
00000000
; $7F  cursor
00000000
11111110
11111110
11111110
11111110
11111110
00000000
