#space
0000000
0000000
0000000
0000000
0000000
0000000
#!
0011000
0011000
0011000
0000000
0011000
0011000
#"
1101100
1101100
1101100
0000000
0000000
0000000
##
0110100
1111110
0110100
1111110
1111110
0110100
#$
0001000
0111100
1101000
0111100
0010110
0111100
#%
1100110
1101110
0011100
0111000
1110110
1100110
#&
0111000
1100000
0110010
1100110
1111100
0111000
#'
0011000
0011000
0011000
0000000
0000000
0000000
#(
0011100
0110000
0110000
0110000
0111100
0011100
#)
0111000
0001100
0001100
0001100
0111100
0111000
#*
0011000
1111110
0111100
0111100
1111110
0011000
#+
0011000
0011000
1111110
1111110
0011000
0011000
#,
0000000
0000000
0000000
0001100
0011100
0011000
#-
0000000
0000000
0111100
0111100
0000000
0000000
#.
0000000
0000000
0000000
0000000
0011000
0011000
#/
0000110
0001110
0011100
0111000
1110000
1100000
#0
0111100
1100110
1101110
1110110
1100110
0111100
#1
0011000
0111000
0011000
0011000
0111100
0111100
#2
0111100
1000110
0011100
0110000
1111110
1111110
#3
0111100
0000110
0011100
0000110
1111110
0111100
#4
1100110
1100110
1100110
1111110
0111110
0000110
#5
1111110
1100000
1111100
0000110
1111110
1111100
#6
0111100
1100000
1111100
1100110
1111110
0111100
#7
1111110
0001110
0011100
0111000
0111000
0111000
#8
0111100
1100110
0111100
1100110
1111110
0111100
#9
0111100
1100110
0111110
0000110
1111110
0111100
#:
0000000
0011000
0011000
0000000
0011000
0011000
#;
0000000
0011000
0011000
0000000
0011000
0010000
#<
0001100
0011000
0110000
0110000
0011000
0001100
#=
0000000
0111100
0111100
0000000
0111100
0111100
#>
0110000
0011000
0001100
0001100
0011000
0110000
#?
0111100
1100110
0001100
0011000
0000000
0011000
#@
0111100
1100110
1110110
1111100
1100000
0111100
#A
0111100
1100110
1100110
1111110
1111110
1100110
#B
1111100
1100110
1111100
1100110
1111110
1111100
#C
0111100
1100110
1100000
1100110
1111110
0111100
#D
1111100
1100110
1100110
1100110
1111110
1111100
#E
1111110
1100000
1111000
1100000
1111110
1111110
#F
1111110
1100000
1111100
1100000
1100000
1100000
#G
0111100
1100110
1100000
1101110
1100110
0111100
#H
1100110
1100110
1100110
1111110
1100110
1100110
#I
1111110
0011000
0011000
0011000
1111110
1111110
#J
0111110
0001100
0001100
1101100
1111100
0111000
#K
1100110
1101100
1111000
1111100
1101110
1100110
#L
1100000
1100000
1100000
1100000
1111110
1111110
#M
1100110
1111110
1111110
1100110
1100110
1100110
#N
1100110
1110110
1111110
1111110
1101110
1100110
#O
0111100
1100110
1100110
1100110
1111110
0111100
#P
1111100
1100110
1100110
1111100
1100000
1100000
#Q
0111100
1100110
1100110
1100110
1111100
0111110
#R
1111100
1100110
1100110
1111100
1101110
1100110
#S
0111100
1100000
0111100
0000110
1111110
0111100
#T
1111110
1111110
0011000
0011000
0011000
0011000
#U
1100110
1100110
1100110
1100110
1111110
0111100
#V
1100110
1100110
1100110
1111110
0111100
0011000
#W
1100110
1100110
1100110
1111110
1111110
1100110
#X
1100110
1100110
0111100
0111100
1111110
1100110
#Y
1100110
1100110
1111110
0111100
0011000
0011000
#Z
1111110
0001100
0011000
0110000
1111110
1111110
#[
0111100
0110000
0110000
0110000
0111100
0111100
#\
1100000
1110000
0111000
0011100
0001110
0000110
#]
0111100
0001100
0001100
0001100
0111100
0111100
#^
0011000
0111100
1111110
0000000
0000000
0000000
#_
0000000
0000000
0000000
0000000
1111110
1111110
#`
0110000
0011000
0001100
0000000
0000000
0000000
#a
0111100
1100110
1100110
1111110
1111110
1100110
#b
1111100
1100110
1111100
1100110
1111110
1111100
#c
0111100
1100110
1100000
1100110
1111110
0111100
#d
1111100
1100110
1100110
1100110
1111110
1111100
#e
1111110
1100000
1111000
1100000
1111110
1111110
#f
1111110
1100000
1111100
1100000
1100000
1100000
#g
0111100
1100110
1100000
1101110
1100110
0111100
#h
1100110
1100110
1100110
1111110
1100110
1100110
#i
1111110
0011000
0011000
0011000
1111110
1111110
#j
0111110
0001100
0001100
1101100
1111100
0111000
#k
1100110
1101100
1111000
1111100
1101110
1100110
#l
1100000
1100000
1100000
1100000
1111110
1111110
#m
1100110
1111110
1111110
1100110
1100110
1100110
#n
1100110
1110110
1111110
1111110
1101110
1100110
#o
0111100
1100110
1100110
1100110
1111110
0111100
#p
1111100
1100110
1100110
1111100
1100000
1100000
#q
0111100
1100110
1100110
1100110
1111100
0111110
#r
1111100
1100110
1100110
1111100
1101110
1100110
#s
0111100
1100000
0111100
0000110
1111110
0111100
#t
1111110
1111110
0011000
0011000
0011000
0011000
#u
1100110
1100110
1100110
1100110
1111110
0111100
#v
1100110
1100110
1100110
1111110
0111100
0011000
#w
1100110
1100110
1100110
1111110
1111110
1100110
#x
1100110
1100110
0111100
0111100
1111110
1100110
#y
1100110
1100110
1111110
0111100
0011000
0011000
#z
1111110
0001100
0011000
0110000
1111110
1111110
