#A
0000000
0001000
0011100
0011100
0110110
0111110
1110111
1100011
0000000
0000000
0000000
#B
0000000
1111110
1100011
1100011
1100110
1100011
1100011
1111110
0000000
0000000
0000000
#C
0000000
0011110
0110011
1100000
1100000
1100000
0110011
0011110
0000000
0000000
0000000
#D
0000000
1111100
1100110
1100011
1100011
1100011
1100110
1111100
0000000
0000000
0000000
#E
0000000
1111111
1100000
1100000
1111110
1100000
1100000
1111111
0000000
0000000
0000000
#F
0000000
1111111
1100000
1100000
1111110
1100000
1100000
1100000
0000000
0000000
0000000
#G
0000000
0011110
0110011
1100000
1100111
1100011
0110011
0011110
0000000
0000000
0000000
#H
0000000
1100011
1100011
1100011
1111111
1100011
1100011
1100011
0000000
0000000
0000000
#I
0000000
1100000
1100000
1100000
1100000
1100000
1100000
1100000
0000000
0000000
0000000
#J
0000000
0000110
0000110
0000110
0000110
0000110
1100110
0111100
0000000
0000000
0000000
#K
0000000
1100011
1100110
1101100
1111000
1101100
1100110
1100011
0000000
0000000
0000000
#L
0000000
1100000
1100000
1100000
1100000
1100000
1100000
1111111
0000000
0000000
0000000
#M
0000000
1100011
1110111
1111111
1101011
1100011
1100011
1100011
0000000
0000000
0000000
#N
0000000
1100011
1110011
1111011
1111111
1101111
1100111
1100011
0000000
0000000
0000000
#O
0000000
0011100
1100011
1100011
1100011
1100011
1100011
0011100
0000000
0000000
0000000
#P
0000000
1111110
1100011
1100011
1100011
1111110
1100000
1100000
0000000
0000000
0000000
#Q
0000000
0011100
0110110
1100011
1100011
1100011
0110110
0011111
0000000
0000000
0000000
#R
0000000
1111110
1100011
1100011
1100011
1111110
1100110
1100011
0000000
0000000
0000000
#S
0000000
0111110
1100011
1110000
0111110
0000111
1100011
0111110
0000000
0000000
0000000
#T
0000000
1111110
0011000
0011000
0011000
0011000
0011000
0011000
0000000
0000000
0000000
#U
0000000
1100011
1100011
1100011
1100011
1100011
1100011
0111110
0000000
0000000
0000000
#V
0000000
1100011
1100011
0110110
0110110
0011100
0011100
0001000
0000000
0000000
0000000
#W
0000000
1100011
1100011
1100011
1101011
1111111
1110111
1100011
0000000
0000000
0000000
#X
0000000
1100011
0110110
0011100
0011100
0011100
0110110
1100011
0000000
0000000
0000000
#Y
0000000
1000010
1100110
0111100
0011000
0011000
0011000
0011000
0000000
0000000
0000000
#Z
0000000
1111111
0000111
0001110
0011100
0111000
1110000
1111111
0000000
0000000
0000000
#a
0000000
0000000
0000000
0111011
1100111
1100011
1100111
0111011
0000000
0000000
0000000
#b
1100000
1100000
1100000
1101110
1110011
1100011
1110011
1101110
0000000
0000000
0000000
#c
0000000
0000000
0000000
0111110
1110011
1100000
1110011
0111110
0000000
0000000
0000000
#d
0000011
0000011
0000011
0111011
1100111
1100011
1100111
0111011
0000000
0000000
0000000
#e
0000000
0000000
0000000
0111110
1100011
1111110
1100000
0111110
0000000
0000000
0000000
#f
0001110
0011000
0011000
1111110
0011000
0011000
0011000
0011000
0000000
0000000
0000000
#g
0000000
0000000
0000000
0111011
1100111
1100011
1100111
0111011
0000011
1100110
0111100
#h
1100000
1100000
1100000
1101110
1110011
1100011
1100011
1100011
0000000
0000000
0000000
#i
1100000
1100000
0000000
1100000
1100000
1100000
1100000
0110000
0000000
0000000
0000000
#j
0001100
0001100
0000000
0001100
0001100
0001100
0001100
0001100
0011100
1111000
0110000
#k
1100000
1100000
1100000
1100110
1101100
1111000
1101100
1100110
0000000
0000000
0000000
#l
1100000
1100000
1100000
1100000
1100000
1100000
1100000
0110000
0000000
0000000
0000000
#m
0000000
0000000
0000000
1110110
1111111
1101011
1101011
1101011
0000000
0000000
0000000
#n
0000000
0000000
0000000
1101110
1110011
1100011
1100011
1100011
0000000
0000000
0000000
#o
0000000
0000000
0000000
0011100
1100011
1100011
1100011
0011100
0000000
0000000
0000000
#p
0000000
0000000
0000000
1101110
1110011
1100011
1110011
1101110
1100000
1100000
1100000
#q
0000000
0000000
0000000
0111011
1100111
1100011
1100111
0111011
0000011
0000011
0000011
#r
0000000
0000000
0000000
1101100
1110000
1100000
1100000
1100000
0000000
0000000
0000000
#s
0000000
0000000
0000000
0111110
1100000
0111110
0000011
0111110
0000000
0000000
0000000
#t
0000000
0011000
0011000
1111110
0011000
0011000
0011000
0001111
0000000
0000000
0000000
#u
0000000
0000000
0000000
1100011
1100011
1100011
1100111
0111011
0000000
0000000
0000000
#v
0000000
0000000
0000000
1000001
1100011
0110110
0011100
0001000
0000000
0000000
0000000
#w
0000000
0000000
0000000
1000001
1101011
1101011
0111110
0010100
0000000
0000000
0000000
#x
0000000
0000000
0000000
1100011
0110110
0011100
0110110
1100011
0000000
0000000
0000000
#y
0000000
0000000
0000000
1000001
1100011
0110110
0011110
0001100
0001100
0011000
0011000
#z
0000000
0000000
0000000
1111111
0000111
0011100
1110000
1111111
0000000
0000000
0000000
