#space
0000000
0000000
0000000
0000000
0000000
0000000
0000000
#!
0111100
0111100
0111100
0011000
0000000
0011000
0011000
#"
0110110
0110110
0110110
0000000
0000000
0000000
0000000
##
0110100
0110100
1111110
0110100
1111110
1111110
0110100
#$
0011000
0111110
1110000
0111100
0001110
1111100
0011000
#%
1100110
1101110
0001100
0011000
0110000
1110110
1100110
#&
0110000
1100110
0110110
1100110
1100110
1111100
0111100
#'
0011000
0011000
0011000
0000000
0000000
0000000
0000000
#(
0011110
0110000
0110000
0110000
0110000
0111110
0011110
#)
0111100
0000110
0000110
0000110
0000110
0111110
0111100
#*
1100110
0111100
0011000
1111110
0011000
0111100
1100110
#+
0000000
0011000
0011000
1111110
0011000
0011000
0000000
#,
0000000
0000000
0000000
0000000
0011100
0011100
0111000
#-
0000000
0000000
0000000
0111100
0111100
0000000
0000000
#.
0000000
0000000
0000000
0000000
0011100
0011100
0011100
#/
0000010
0000110
0001110
0011100
0111000
1110000
1100000
#0
0111100
1100110
1101110
1110110
1100110
1111110
0111100
#1
0011000
0111000
0011000
0011000
0011000
0111100
1111110
#2
0111100
1100110
0001110
0011100
0111000
1111110
1111110
#3
1111100
0000110
0111100
0000110
0000110
1111110
1111100
#4
1100110
1100110
1100110
0111110
0000110
0000110
0000110
#5
1111110
1100000
1111100
0000110
0000110
1111110
0111100
#6
0111100
1100000
1111100
1100110
1100110
1111110
0111100
#7
1111110
0000110
0001100
0011000
0011000
0011000
0011000
#8
0111100
1100110
0111100
1100110
1100110
1111110
0111100
#9
0111100
1100110
1100110
0111110
0000110
1111110
0111100
#:
0000000
0000000
0011000
0000000
0011000
0011000
0000000
#;
0000000
0000000
0011000
0000000
0011000
0011000
0110000
#<
0000110
0001100
0011000
0111000
0011100
0001110
0000110
#=
0000000
0000000
0111100
0000000
0111100
0111100
0000000
#>
0110000
0011000
0001100
0001110
0011100
0111000
0110000
#?
0111100
1100110
0001100
0011000
0000000
0011000
0011000
#@
0111100
1100110
1101110
1101100
1100000
0111110
0111100
#A
0111100
1100110
1100110
1111110
1111110
1100110
1100110
#B
0111100
1100110
1111100
1100110
1100110
1111110
1111100
#C
0111100
1100110
1100000
1100000
1100110
1111110
0111100
#D
1111100
1100110
1100110
1100110
1100110
1111110
1111100
#E
0111110
1100000
0111100
1100000
1100000
1111110
0111110
#F
0111110
1100000
1100000
1111100
1100000
1100000
1100000
#G
0111100
1100110
1100000
1101110
1100110
1111110
0111100
#H
1100110
1100110
1100110
1111110
1111110
1100110
1100110
#I
1111110
0011000
0011000
0011000
0011000
1111110
1111110
#J
0111110
0001100
0001100
0001100
1101100
1111100
0111000
#K
1100110
1101100
1111000
1111000
1111100
1101110
1100110
#L
1100000
1100000
1100000
1100000
1100000
1111110
0111110
#M
1100110
1111110
1111110
1100110
1100110
1100110
1100110
#N
1100110
1100110
1110110
1111110
1101110
1100110
1100110
#O
0111100
1100110
1100110
1100110
1100110
1111110
0111100
#P
0111100
1100110
1100110
1100110
1111100
1100000
1100000
#Q
0111100
1100110
1100110
1100110
1100110
1111100
0110110
#R
0111100
1100110
1100110
1100110
1111100
1101100
1100110
#S
0111110
1100000
1111100
0111110
0000110
1111110
1111100
#T
1111110
0011000
0011000
0011000
0011000
0011000
0011000
#U
1100110
1100110
1100110
1100110
1100110
1111110
0111100
#V
1100110
1100110
1100110
1100110
1111110
0111100
0011000
#W
1100110
1100110
1100110
1100110
1111110
1111110
1100110
#X
1100110
0111100
0011000
0011000
0111100
1100110
1100110
#Y
1100110
1100110
0111110
0000110
1100110
1111110
0111100
#Z
1111110
0001110
0011100
0111000
1110000
1111110
1111110
#[
0111110
0110000
0110000
0110000
0110000
0111110
0111110
#\
1000000
1100000
1110000
0111000
0011100
0001110
0000110
#]
0111110
0000110
0000110
0000110
0000110
0111110
0111110
#^
0011000
0111100
1111110
1100110
0000000
0000000
0000000
#_
0000000
0000000
0000000
0000000
0000000
1111110
1111110
#`
0110000
0011000
0001100
0000000
0000000
0000000
0000000
#a
0000000
0000000
0111100
1100110
1100110
1111110
0110110
#b
1100000
1100000
1111100
1100110
1100110
1111110
0111100
#c
0000000
0000000
0111100
1100000
1100000
1111110
0111100
#d
0000110
0000110
0111110
1100110
1100110
1111110
0111100
#e
0000000
0000000
0111100
1100110
1111100
1100000
0111100
#f
0011100
0110110
0110000
1111000
0110000
0110000
0110000
#g
0000000
0000000
0111100
1100110
0111110
0000110
0111100
#h
1100000
1100000
1101100
1111110
1110110
1100110
1100110
#i
0011000
0000000
0011000
0011000
0011000
0011110
0001100
#j
0000110
0000000
0000110
0000110
0110110
0111110
0011100
#k
1100000
1100000
1100110
1111100
1111000
1101100
1100110
#l
0110000
0110000
0110000
0110000
0110000
0111100
0011100
#m
0000000
0000000
1100110
1111110
1111110
1100110
1100110
#n
0000000
0000000
1111100
1100110
1100110
1100110
1100110
#o
0000000
0000000
0111100
1100110
1100110
1111110
0111100
#p
0000000
0000000
0111100
1100110
1111110
1111100
1100000
#q
0000000
0000000
0111100
1100110
1111110
0111110
0000110
#r
0000000
0000000
0111100
1110110
1100000
1100000
1100000
#s
0000000
0000000
0111100
1110000
0111100
0001110
1111100
#t
0011000
0011000
0111100
0011000
0011000
0011110
0001110
#u
0000000
0000000
1100110
1100110
1100110
1111110
0110110
#v
0000000
0000000
1100110
1100110
1100110
0111100
0011000
#w
0000000
0000000
1100110
1100110
1111110
1111110
1100110
#x
0000000
0000000
1100110
0011000
0111100
1100110
1100110
#y
0000000
0000000
1100110
0111110
0000110
1111110
0111100
#z
0000000
0000000
1111110
0001100
0110000
1111110
1111110
#{
0011110
0110000
0110000
1100000
0110000
0111110
0011110
#|
0011000
0011000
0011000
0011000
0011000
0011000
0011000
#}
1111000
0001100
0001100
0000110
0001100
1111100
1111000
#~
0000000
0000000
0010010
0111110
0100100
0000000
0000000
#DEL
0111100
1111110
1111110
1111110
1111110
1111110
0111100
