; $20  space
0000000
0000000
0000000
0000000
0000000
0000000
0000000
0000000
0000000
0000000
0000000
0000000
0000000
0000000
0000000
; $21  !
0000000
0011000
0011000
0011000
0011000
0011000
0011000
0011000
0000000
0011000
0011000
0000000
0000000
0000000
0000000
; $22  "
0000000
0000000
0000000
0000000
0000000
0000000
0000000
0000000
0000000
0000000
0000000
0000000
0000000
0000000
0000000
; $23  #
0000000
0000000
0000000
0000000
0000000
0000000
0000000
0000000
0000000
0000000
0000000
0000000
0000000
0000000
0000000
; $24  $
0000000
0000000
0000000
0000000
0000000
0000000
0000000
0000000
0000000
0000000
0000000
0000000
0000000
0000000
0000000
; $25  %
0000000
0000000
0000000
0000000
0000000
0000000
0000000
0000000
0000000
0000000
0000000
0000000
0000000
0000000
0000000
; $26  &
0000000
0000000
0000000
0000000
0000000
0000000
0000000
0000000
0000000
0000000
0000000
0000000
0000000
0000000
0000000
; $27  '
0000000
0000000
0000000
0000000
0000000
0000000
0000000
0000000
0000000
0000000
0000000
0000000
0000000
0000000
0000000
; $28  (
0001100
0011000
0011000
0110000
0110000
0110000
0110000
0110000
0110000
0110000
0110000
0110000
0011000
0011000
0001100
; $29  )
0110000
0011000
0011000
0001100
0001100
0001100
0001100
0001100
0001100
0001100
0001100
0001100
0011000
0011000
0110000
; $2A  *
0000000
0000000
0000000
0000000
0000000
0000000
0000000
0000000
0000000
0000000
0000000
0000000
0000000
0000000
0000000
; $2B  +
0000000
0000000
0000000
0000000
0000000
0000000
0000000
0000000
0000000
0000000
0000000
0000000
0000000
0000000
0000000
; $2C  ,
0000000
0000000
0000000
0000000
0000000
0000000
0000000
0000000
0000000
0011000
0011000
0110000
0110000
0100000
0000000
; $2D  -
0000000
0000000
0000000
0000000
0000000
0111100
0000000
0000000
0000000
0000000
0000000
0000000
0000000
0000000
0000000
; $2E  .
0000000
0000000
0000000
0000000
0000000
0000000
0000000
0000000
0000000
0011000
0011000
0000000
0000000
0000000
0000000
; $2F  /
0000000
0000000
0000000
0000000
0000000
0000000
0000000
0000000
0000000
0000000
0000000
0000000
0000000
0000000
0000000
; $30  0
0000000
0011100
1100110
1100110
1100110
1100110
1100110
1100110
1100110
1100110
0111000
0000000
0000000
0000000
0000000
; $31  1
0000000
0111000
0011000
0011000
0011000
0011000
0011000
0011000
0011000
0011000
0011000
0000000
0000000
0000000
0000000
; $32  2
0000000
0111100
1100110
1000110
0001100
0011000
0011000
0110000
0110000
1100000
1111110
0000000
0000000
0000000
0000000
; $33  3
0000000
1111110
0001100
0011000
0110000
0111100
0000110
0000110
0001100
0011000
0110000
0000000
0000000
0000000
0000000
; $34  4
0000000
0011100
0011100
0111100
0101100
1101100
1101100
1111110
0001100
0001100
0001100
0000000
0000000
0000000
0000000
; $35  5
0000000
1111110
1100000
1100000
1100000
1111100
0000110
0000110
0001100
0011000
0110000
0000000
0000000
0000000
0000000
; $36  6
0000000
0001100
0011000
0011000
0110000
0111100
1100110
1100110
1100110
1100110
0111100
0000000
0000000
0000000
0000000
; $37  7
0000000
1111110
0000110
0000110
0001100
0001100
0011000
0011000
0110000
0110000
1100000
0000000
0000000
0000000
0000000
; $38  8
0000000
0111100
1100110
1100110
1100110
0111100
1100110
1100110
1100110
1100110
0111100
0000000
0000000
0000000
0000000
; $39  9
0000000
0111100
1100110
1100110
1100110
1100110
0111110
0000110
0001100
0001100
0011000
0000000
0000000
0000000
0000000
; $3A  :
0000000
0000000
0000000
0000000
0000000
0000000
0000000
0000000
0000000
0000000
0000000
0000000
0000000
0000000
0000000
; $3B  ;
0000000
0000000
0000000
0000000
0000000
0000000
0000000
0000000
0000000
0000000
0000000
0000000
0000000
0000000
0000000
; $3C  <
0000000
0000000
0000000
0000000
0000000
0000000
0000000
0000000
0000000
0000000
0000000
0000000
0000000
0000000
0000000
; $3D  =
0000000
0000000
0000000
0000000
0000000
0000000
0000000
0000000
0000000
0000000
0000000
0000000
0000000
0000000
0000000
; $3E  >
0000000
0000000
0000000
0000000
0000000
0000000
0000000
0000000
0000000
0000000
0000000
0000000
0000000
0000000
0000000
; $3F  ?
0000000
0000000
0000000
0000000
0000000
0000000
0000000
0000000
0000000
0000000
0000000
0000000
0000000
0000000
0000000
; $40  @
0000000
0000000
0000000
0000000
0000000
0000000
0000000
0000000
0000000
0000000
0000000
0000000
0000000
0000000
0000000
; $41  A
0000000
0011000
0011000
0111100
0111100
1100110
1100110
1111110
1100110
1100110
1100110
0000000
0000000
0000000
0000000
; $42  B
0000000
1111100
1100110
1100110
1100110
1111100
1100110
1100110
1100110
1100110
1111100
0000000
0000000
0000000
0000000
; $43  C
0000000
0011100
0110110
1100000
1100000
1100000
1100000
1100000
1100000
0110110
0011100
0000000
0000000
0000000
0000000
; $44  D
0000000
1111000
1101100
1100110
1100110
1100110
1100110
1100110
1100110
1101100
1111000
0000000
0000000
0000000
0000000
; $45  E
0000000
1111110
1100000
1100000
1100000
1111100
1100000
1100000
1100000
1100000
1111110
0000000
0000000
0000000
0000000
; $46  F
0000000
1111110
1100000
1100000
1100000
1111100
1100000
1100000
1100000
1100000
1100000
0000000
0000000
0000000
0000000
; $47  G
0000000
0011100
0110110
1100000
1100000
1100000
1100110
1100110
1100110
0110110
0011100
0000000
0000000
0000000
0000000
; $48  H
0000000
1100110
1100110
1100110
1100110
1111110
1100110
1100110
1100110
1100110
1100110
0000000
0000000
0000000
0000000
; $49  I
0000000
0011000
0011000
0011000
0011000
0011000
0011000
0011000
0011000
0011000
0011000
0000000
0000000
0000000
0000000
; $4A  J
0000000
0001100
0001100
0001100
0001100
0001100
0001100
0001100
0001100
1111100
0111000
0000000
0000000
0000000
0000000
; $4B  K
0000000
1100010
1100110
1101100
1101100
1111000
1111000
1101100
1101100
1100110
1100010
0000000
0000000
0000000
0000000
; $4C  L
0000000
1100000
1100000
1100000
1100000
1100000
1100000
1100000
1100000
1100000
1111110
0000000
0000000
0000000
0000000
; $4D  M
0000000
1100110
1100110
1111110
1111110
1111110
1100110
1100110
1100110
1100110
1100110
0000000
0000000
0000000
0000000
; $4E  N
0000000
1100110
1100110
1110110
1110110
1111110
1101110
1101110
1100110
1100110
1100110
0000000
0000000
0000000
0000000
; $4F  O
0000000
0111100
1100110
1100110
1100110
1100110
1100110
1100110
1100110
1100110
0111100
0000000
0000000
0000000
0000000
; $50  P
0000000
1111000
1101100
1100110
1100110
1100110
1101100
1111000
1100000
1100000
1100000
0000000
0000000
0000000
0000000
; $51  Q
0000000
0111100
1111110
1100110
1100110
1100110
1100110
1100110
1111110
1111110
0111100
0011000
0011000
0000000
0000000
; $52  R
0000000
1111000
1101100
1100110
1100110
1101100
1101000
1101100
1101100
1100110
1100110
0000000
0000000
0000000
0000000
; $53  S
0000000
0111100
1100110
1100000
0110000
0011000
0001100
0000110
1000110
1100110
0111100
0000000
0000000
0000000
0000000
; $54  T
0000000
1111110
0011000
0011000
0011000
0011000
0011000
0011000
0011000
0011000
0011000
0000000
0000000
0000000
0000000
; $55  U
0000000
1100110
1100110
1100110
1100110
1100110
1100110
1100110
1100110
1100110
0111100
0000000
0000000
0000000
0000000
; $56  V
0000000
1000010
1100110
1100110
1100110
1100110
0111100
0111100
0111100
0011000
0011000
0000000
0000000
0000000
0000000
; $57  W
0000000
1100110
1100110
1100110
1100110
1100110
1111110
1111110
1111110
1100110
1100110
0000000
0000000
0000000
0000000
; $58  X
0000000
1000010
1100110
1111110
0111100
0011000
0111100
1111110
1100110
1100110
1000010
0000000
0000000
0000000
0000000
; $59  Y
0000000
1000010
1100110
1100110
0111100
0111100
0011000
0011000
0011000
0011000
0011000
0000000
0000000
0000000
0000000
; $5A  Z
0000000
1111110
0000110
0001100
0001100
0011000
0011000
0110000
0110000
1100000
1111110
0000000
0000000
0000000
0000000
; $5B  [
0000000
0000000
0000000
0000000
0000000
0000000
0000000
0000000
0000000
0000000
0000000
0000000
0000000
0000000
0000000
; $5C  \
0000000
0000000
0000000
0000000
0000000
0000000
0000000
0000000
0000000
0000000
0000000
0000000
0000000
0000000
0000000
; $5D  ]
0000000
0000000
0000000
0000000
0000000
0000000
0000000
0000000
0000000
0000000
0000000
0000000
0000000
0000000
0000000
; $5E  ^
0000000
0000000
0000000
0000000
0000000
0000000
0000000
0000000
0000000
0000000
0000000
0000000
0000000
0000000
0000000
; $5F  _
0000000
0000000
0000000
0000000
0000000
0000000
0000000
0000000
0000000
0000000
0000000
0000000
0000000
0000000
0000000
; $60  `
0000000
0000000
0000000
0000000
0000000
0000000
0000000
0000000
0000000
0000000
0000000
0000000
0000000
0000000
0000000
; $61  a
0000000
0000000
0000000
0000000
0011000
0111100
0100100
0100100
1111110
1100110
1100110
0000000
0000000
0000000
0000000
; $62  b
1100000
1100000
1100000
1100000
1111000
1101100
1100110
1100110
1100110
1101100
1111000
0000000
0000000
0000000
0000000
; $63  c
0000000
0000000
0000000
0000000
0011100
0110110
1100000
1100000
1100000
0110110
0011100
0000000
0000000
0000000
0000000
; $64  d
0000110
0000110
0000110
0000110
0011110
0110110
1100110
1100110
1100110
0110110
0011110
0000000
0000000
0000000
0000000
; $65  e
0000000
0000000
0000000
0000000
0111110
1100000
1100000
1111100
1100000
1100000
0111110
0000000
0000000
0000000
0000000
; $66  f
0011100
0110000
0110000
0110000
0111000
0110000
0110000
0110000
0110000
0110000
0110000
0000000
0000000
0000000
0000000
; $67  g
0000000
0000000
0000000
0000000
0011100
0110110
1100000
1100000
1100110
0110110
0011110
0000110
0000110
0000110
0000000
; $68  h
1100000
1100000
1100000
1100000
1100110
1100110
1100110
1111110
1100110
1100110
1100110
0000000
0000000
0000000
0000000
; $69  i
0000000
0011000
0011000
0000000
0011000
0011000
0011000
0011000
0011000
0011000
0011000
0000000
0000000
0000000
0000000
; $6A  j
0000000
0001100
0001100
0000000
0001100
0001100
0001100
0001100
0001100
0001100
0001100
0001100
0001100
0111100
0011000
; $6B  k
1100000
1100000
1100000
1100000
1100110
1101100
1111000
1110000
1111000
1101100
1100110
0000000
0000000
0000000
0000000
; $6C  l
0110000
0110000
0110000
0110000
0110000
0110000
0110000
0110000
0110000
0110000
0011100
0000000
0000000
0000000
0000000
; $6D  m
0000000
0000000
0000000
0000000
1100110
1111110
1111110
1100110
1100110
1100110
1100110
0000000
0000000
0000000
0000000
; $6E  n
0000000
0000000
0000000
0000000
1100110
1100110
1110110
1111110
1101110
1100110
1100110
0000000
0000000
0000000
0000000
; $6F  o
0000000
0000000
0000000
0000000
0111100
1100110
1100110
1100110
1100110
1100110
0111100
0000000
0000000
0000000
0000000
; $70  p
0000000
0000000
0000000
0000000
1111000
1101100
1100110
1100110
1100110
1101100
1111000
1100000
1100000
1100000
0000000
; $71  q
0000000
0000000
0000000
0000000
0111100
1100110
1100110
1100110
1100110
1111110
0111100
0011000
0011000
0000000
0000000
; $72  r
0000000
0000000
0000000
0000000
1111100
1100110
1100110
1101100
1111100
1100110
1100110
0000000
0000000
0000000
0000000
; $73  s
0000000
0000000
0000000
0000000
0111110
1100000
1100000
0111100
0000110
0000110
1111100
0000000
0000000
0000000
0000000
; $74  t
0000000
0000000
0000000
0000000
1111110
0011000
0011000
0011000
0011000
0011000
0011000
0000000
0000000
0000000
0000000
; $75  u
0000000
0000000
0000000
0000000
1100110
1100110
1100110
1100110
1100110
1100110
0111100
0000000
0000000
0000000
0000000
; $76  v
0000000
0000000
0000000
0000000
1000010
1100110
1100110
0111100
0111100
0011000
0011000
0000000
0000000
0000000
0000000
; $77  w
0000000
0000000
0000000
0000000
1100110
1100110
1100110
1100110
1111110
1111110
1100110
0000000
0000000
0000000
0000000
; $78  x
0000000
0000000
0000000
0000000
1000010
1100110
0111100
0011000
0111100
1100110
1000010
0000000
0000000
0000000
0000000
; $79  y
0000000
0000000
0000000
0000000
1100110
1100110
1100110
0100100
0111100
0011100
0011000
0011000
0011000
0110000
0110000
; $7A  z
0000000
0000000
0000000
0000000
1111100
0001100
0011000
0011000
0110000
0110000
1111110
0000000
0000000
0000000
0000000
; $7B  {
0000000
0000000
0000000
0000000
0000000
0000000
0000000
0000000
0000000
0000000
0000000
0000000
0000000
0000000
0000000
; $7C  |
0000000
0000000
0000000
0000000
0000000
0000000
0000000
0000000
0000000
0000000
0000000
0000000
0000000
0000000
0000000
; $7D  }
0000000
0000000
0000000
0000000
0000000
0000000
0000000
0000000
0000000
0000000
0000000
0000000
0000000
0000000
0000000
; $7E  ~
0000000
0000000
0000000
0000000
0000000
0000000
0000000
0000000
0000000
0000000
0000000
0000000
0000000
0000000
0000000
; $7F  cursor
0000000
0000000
0000000
0000000
0000000
0000000
0000000
0000000
0000000
0000000
0000000
0000000
0000000
0000000
0000000
